Date	Cases	Deaths	Cases_New	Deaths_New	Cases_Last_Week	Deaths_Last_Week	Cases_Per_Million	Deaths_Per_Million	Cases_New_Per_Million	Deaths_New_Per_Million	Cases_Last_Week_Per_Million	Deaths_Last_Week_Per_Million	DIVI_Intensivstationen_Covid_Prozent	DIVI_Intensivstationen_Betten_belegt_Prozent	Cases_Last_Week_7Day_Percent
2020-01-02	0	0	0	0	0	0	0	0	0	0.0	0	0.0			
2020-01-03	0	0	0	0	0	0	0	0	0	0.0	0	0.0			
2020-01-04	0	0	0	0	0	0	0	0	0	0.0	0	0.0			
2020-01-05	0	0	0	0	0	0	0	0	0	0.0	0	0.0			
2020-01-06	0	0	0	0	0	0	0	0	0	0.0	0	0.0			
2020-01-07	0	0	0	0	0	0	0	0	0	0.0	0	0.0			
2020-01-08	0	0	0	0	0	0	0	0	0	0.0	0	0.0			
2020-01-09	0	0	0	0	0	0	0	0	0	0.0	0	0.0			0
2020-01-10	0	0	0	0	0	0	0	0	0	0.0	0	0.0			0
2020-01-11	0	0	0	0	0	0	0	0	0	0.0	0	0.0			0
2020-01-12	0	0	0	0	0	0	0	0	0	0.0	0	0.0			0
2020-01-13	0	0	0	0	0	0	0	0	0	0.0	0	0.0			0
2020-01-14	0	0	0	0	0	0	0	0	0	0.0	0	0.0			0
2020-01-15	0	0	0	0	0	0	0	0	0	0.0	0	0.0			0
2020-01-16	0	0	0	0	0	0	0	0	0	0.0	0	0.0			0
2020-01-17	0	0	0	0	0	0	0	0	0	0.0	0	0.0			0
2020-01-18	0	0	0	0	0	0	0	0	0	0.0	0	0.0			0
2020-01-19	0	0	0	0	0	0	0	0	0	0.0	0	0.0			0
2020-01-20	0	0	0	0	0	0	0	0	0	0.0	0	0.0			0
2020-01-21	0	0	0	0	0	0	0	0	0	0.0	0	0.0			0
2020-01-22	0	0	0	0	0	0	0	0	0	0.0	0	0.0			0
2020-01-23	0	0	0	0	0	0	0	0	0	0.0	0	0.0			0
2020-01-24	0	0	0	0	0	0	0	0	0	0.0	0	0.0			0
2020-01-25	0	0	0	0	0	0	0	0	0	0.0	0	0.0			0
2020-01-26	0	0	0	0	0	0	0	0	0	0.0	0	0.0			0
2020-01-27	0	0	0	0	0	0	0	0	0	0.0	0	0.0			0
2020-01-28	0	0	0	0	0	0	0	0	0	0.0	0	0.0			0
2020-01-29	0	0	0	0	0	0	0	0	0	0.0	0	0.0			0
2020-01-30	0	0	0	0	0	0	0	0	0	0.0	0	0.0			0
2020-01-31	0	0	0	0	0	0	0	0	0	0.0	0	0.0			0
2020-02-01	0	0	0	0	0	0	0	0	0	0.0	0	0.0			0
2020-02-02	0	0	0	0	0	0	0	0	0	0.0	0	0.0			0
2020-02-03	0	0	0	0	0	0	0	0	0	0.0	0	0.0			0
2020-02-04	0	0	0	0	0	0	0	0	0	0.0	0	0.0			0
2020-02-05	0	0	0	0	0	0	0	0	0	0.0	0	0.0			0
2020-02-06	0	0	0	0	0	0	0	0	0	0.0	0	0.0			0
2020-02-07	0	0	0	0	0	0	0	0	0	0.0	0	0.0			0
2020-02-08	0	0	0	0	0	0	0	0	0	0.0	0	0.0			0
2020-02-09	0	0	0	0	0	0	0	0	0	0.0	0	0.0			0
2020-02-10	0	0	0	0	0	0	0	0	0	0.0	0	0.0			0
2020-02-11	0	0	0	0	0	0	0	0	0	0.0	0	0.0			0
2020-02-12	0	0	0	0	0	0	0	0	0	0.0	0	0.0			0
2020-02-13	0	0	0	0	0	0	0	0	0	0.0	0	0.0			0
2020-02-14	0	0	0	0	0	0	0	0	0	0.0	0	0.0			0
2020-02-15	0	0	0	0	0	0	0	0	0	0.0	0	0.0			0
2020-02-16	0	0	0	0	0	0	0	0	0	0.0	0	0.0			0
2020-02-17	0	0	0	0	0	0	0	0	0	0.0	0	0.0			0
2020-02-18	0	0	0	0	0	0	0	0	0	0.0	0	0.0			0
2020-02-19	0	0	0	0	0	0	0	0	0	0.0	0	0.0			0
2020-02-20	0	0	0	0	0	0	0	0	0	0.0	0	0.0			0
2020-02-21	0	0	0	0	0	0	0	0	0	0.0	0	0.0			0
2020-02-22	0	0	0	0	0	0	0	0	0	0.0	0	0.0			0
2020-02-23	0	0	0	0	0	0	0	0	0	0.0	0	0.0			0
2020-02-24	0	0	0	0	0	0	0	0	0	0.0	0	0.0			0
2020-02-25	0	0	0	0	0	0	0	0	0	0.0	0	0.0			0
2020-02-26	0	0	0	0	0	0	0	0	0	0.0	0	0.0			0
2020-02-27	0	0	0	0	0	0	0	0	0	0.0	0	0.0			0
2020-02-28	0	0	0	0	0	0	0	0	0	0.0	0	0.0			0
2020-02-29	0	0	0	0	0	0	0	0	0	0.0	0	0.0			0
2020-03-01	0	0	0	0	0	0	0	0	0	0.0	0	0.0			0
2020-03-02	0	0	0	0	0	0	0	0	0	0.0	0	0.0			0
2020-03-03	0	0	0	0	0	0	0	0	0	0.0	0	0.0			0
2020-03-04	0	0	0	0	0	0	0	0	0	0.0	0	0.0			0
2020-03-05	0	0	0	0	0	0	0	0	0	0.0	0	0.0			0
2020-03-06	0	0	0	0	0	0	0	0	0	0.0	0	0.0			0
2020-03-07	0	0	0	0	0	0	0	0	0	0.0	0	0.0			0
2020-03-08	0	0	0	0	0	0	0	0	0	0.0	0	0.0			0
2020-03-09	0	0	0	0	0	0	0	0	0	0.0	0	0.0			0
2020-03-10	0	0	0	0	0	0	0	0	0	0.0	0	0.0			0
2020-03-11	1	0	1	0	1	0	17	0	17	0.0	17	0.0			0
2020-03-12	1	0	0	0	1	0	17	0	0	0.0	17	0.0			0
2020-03-13	1	0	0	0	1	0	17	0	0	0.0	17	0.0			0
2020-03-14	3	0	2	0	3	0	52	0	34	0.0	52	0.0			0
2020-03-15	3	0	0	0	3	0	52	0	0	0.0	52	0.0			0
2020-03-16	3	0	0	0	3	0	52	0	0	0.0	52	0.0			0
2020-03-17	3	0	0	0	3	0	52	0	0	0.0	52	0.0			0
2020-03-18	4	0	1	0	3	0	69	0	17	0.0	52	0.0			0
2020-03-19	4	0	0	0	3	0	69	0	0	0.0	52	0.0			0
2020-03-20	4	0	0	0	3	0	69	0	0	0.0	52	0.0			0
2020-03-21	4	0	0	0	1	0	69	0	0	0.0	17	0.0			-66.7
2020-03-22	4	0	0	0	1	0	69	0	0	0.0	17	0.0			-66.7
2020-03-23	5	0	1	0	2	0	87	0	17	0.0	34	0.0			-33.3
2020-03-24	5	0	0	0	2	0	87	0	0	0.0	34	0.0			-33.3
2020-03-25	7	0	2	0	3	0	121	0	34	0.0	52	0.0			0.0
2020-03-26	8	0	1	0	4	0	139	0	17	0.0	69	0.0			33.3
2020-03-27	12	0	4	0	8	0	208	0	69	0.0	139	0.0			166.7
2020-03-28	14	0	2	0	10	0	243	0	34	0.0	174	0.0			0
2020-03-29	14	0	0	0	10	0	243	0	0	0.0	174	0.0			0
2020-03-30	15	0	1	0	10	0	261	0	17	0.0	174	0.0			400.0
2020-03-31	15	0	0	0	10	0	261	0	0	0.0	174	0.0			400.0
2020-04-01	15	0	0	0	8	0	261	0	0	0.0	139	0.0			166.7
2020-04-02	16	0	1	0	8	0	278	0	17	0.0	139	0.0			100.0
2020-04-03	16	0	0	0	4	0	278	0	0	0.0	69	0.0			-50.0
2020-04-04	16	0	0	0	2	0	278	0	0	0.0	34	0.0			-80.0
2020-04-05	16	0	0	0	2	0	278	0	0	0.0	34	0.0			-80.0
2020-04-06	16	0	0	0	1	0	278	0	0	0.0	17	0.0			-90.0
2020-04-07	20	0	4	0	5	0	348	0	69	0.0	87	0.0			-50.0
2020-04-08	20	0	0	0	5	0	348	0	0	0.0	87	0.0			-37.5
2020-04-09	20	0	0	0	4	0	348	0	0	0.0	69	0.0			-50.0
2020-04-10	20	0	0	0	4	0	348	0	0	0.0	69	0.0			0.0
2020-04-11	20	0	0	0	4	0	348	0	0	0.0	69	0.0			100.0
2020-04-12	20	0	0	0	4	0	348	0	0	0.0	69	0.0			100.0
2020-04-13	21	0	1	0	5	0	365	0	17	0.0	87	0.0			0
2020-04-14	21	0	0	0	1	0	365	0	0	0.0	17	0.0			-80.0
2020-04-15	21	0	0	0	1	0	365	0	0	0.0	17	0.0			-80.0
2020-04-16	22	0	1	0	2	0	382	0	17	0.0	34	0.0			-50.0
2020-04-17	22	0	0	0	2	0	382	0	0	0.0	34	0.0			-50.0
2020-04-18	22	0	0	0	2	0	382	0	0	0.0	34	0.0			-50.0
2020-04-19	24	0	2	0	4	0	417	0	34	0.0	69	0.0			0.0
2020-04-20	24	0	0	0	3	0	417	0	0	0.0	52	0.0			-40.0
2020-04-21	24	0	0	0	3	0	417	0	0	0.0	52	0.0			0
2020-04-22	24	0	0	0	3	0	417	0	0	0.0	52	0.0			0
2020-04-23	24	0	0	0	2	0	417	0	0	0.0	34	0.0			0.0
2020-04-24	24	0	0	0	2	0	417	0	0	0.0	34	0.0	0.0	46.2	0.0
2020-04-25	24	0	0	0	2	0	417	0	0	0.0	34	0.0	0.0	46.2	0.0
2020-04-26	24	0	0	0	0	0	417	0	0	0.0	0	0.0	0.0	46.2	-100.0
2020-04-27	24	0	0	0	0	0	417	0	0	0.0	0	0.0	0.0	53.8	-100.0
2020-04-28	24	0	0	0	0	0	417	0	0	0.0	0	0.0	0.0	61.5	-100.0
2020-04-29	24	0	0	0	0	0	417	0	0	0.0	0	0.0	0.0	53.8	-100.0
2020-04-30	25	0	1	0	1	0	435	0	17	0.0	17	0.0	0.0	38.5	-50.0
2020-05-01	25	0	0	0	1	0	435	0	0	0.0	17	0.0	0.0	38.5	-50.0
2020-05-02	26	0	1	0	2	0	452	0	17	0.0	34	0.0	0.0	23.1	0.0
2020-05-03	26	0	0	0	2	0	452	0	0	0.0	34	0.0	0.0	23.1	0
2020-05-04	26	0	0	0	2	0	452	0	0	0.0	34	0.0	0.0	23.1	0
2020-05-05	26	0	0	0	2	0	452	0	0	0.0	34	0.0	0.0	23.1	0
2020-05-06	27	0	1	0	3	0	469	0	17	0.0	52	0.0	0.0	23.1	0
2020-05-07	27	0	0	0	2	0	469	0	0	0.0	34	0.0	0.0	23.1	0
2020-05-08	27	0	0	0	2	0	469	0	0	0.0	34	0.0	0.0	23.1	0
2020-05-09	27	0	0	0	1	0	469	0	0	0.0	17	0.0	0.0	23.1	-50.0
2020-05-10	27	0	0	0	1	0	469	0	0	0.0	17	0.0	0.0	23.1	-50.0
2020-05-11	27	0	0	0	1	0	469	0	0	0.0	17	0.0	0.0	23.1	-50.0
2020-05-12	27	0	0	0	1	0	469	0	0	0.0	17	0.0	0.0	23.1	-50.0
2020-05-13	27	0	0	0	0	0	469	0	0	0.0	0	0.0	0.0	46.2	-100.0
2020-05-14	27	0	0	0	0	0	469	0	0	0.0	0	0.0	0.0	38.5	-100.0
2020-05-15	27	0	0	0	0	0	469	0	0	0.0	0	0.0	0.0	46.2	-100.0
2020-05-16	27	0	0	0	0	0	469	0	0	0.0	0	0.0	0.0	58.3	0
2020-05-17	28	0	1	0	1	0	487	0	17	0.0	17	0.0	0.0	46.2	0
2020-05-18	28	0	0	0	1	0	487	0	0	0.0	17	0.0	0.0	61.5	0
2020-05-19	28	0	0	0	1	0	487	0	0	0.0	17	0.0	0.0	61.5	0
2020-05-20	35	0	7	0	8	0	609	0	121	0.0	139	0.0	0.0	61.5	0
2020-05-21	37	0	2	0	10	0	643	0	34	0.0	174	0.0	0.0	61.5	0
2020-05-22	38	0	1	0	11	0	661	0	17	0.0	191	0.0	0.0	61.5	0
2020-05-23	38	0	0	0	11	0	661	0	0	0.0	191	0.0	0.0	58.3	0
2020-05-24	38	0	0	0	10	0	661	0	0	0.0	174	0.0	0.0	61.5	0
2020-05-25	38	0	0	0	10	0	661	0	0	0.0	174	0.0	0.0	61.5	0
2020-05-26	38	0	0	0	10	0	661	0	0	0.0	174	0.0	0.0	41.7	0
2020-05-27	38	0	0	0	3	0	661	0	0	0.0	52	0.0	0.0	30.8	-62.5
2020-05-28	39	0	1	0	2	0	678	0	17	0.0	34	0.0	0.0	46.2	-80.0
2020-05-29	40	0	1	0	2	0	696	0	17	0.0	34	0.0	0.0	61.5	-81.8
2020-05-30	40	0	0	0	2	0	696	0	0	0.0	34	0.0	0.0	53.8	-81.8
2020-05-31	40	0	0	0	2	0	696	0	0	0.0	34	0.0	0.0	61.5	-80.0
2020-06-01	40	0	0	0	2	0	696	0	0	0.0	34	0.0	0.0	46.2	-80.0
2020-06-02	40	0	0	0	2	0	696	0	0	0.0	34	0.0	0.0	46.2	-80.0
2020-06-03	41	0	1	0	3	0	713	0	17	0.0	52	0.0	0.0	53.8	0.0
2020-06-04	41	0	0	0	2	0	713	0	0	0.0	34	0.0	0.0	46.2	0.0
2020-06-05	41	0	0	0	1	0	713	0	0	0.0	17	0.0	0.0	61.5	-50.0
2020-06-06	41	0	0	0	1	0	713	0	0	0.0	17	0.0	0.0	53.8	-50.0
2020-06-07	41	0	0	0	1	0	713	0	0	0.0	17	0.0	0.0	53.8	-50.0
2020-06-08	41	0	0	0	1	0	713	0	0	0.0	17	0.0	0.0	53.8	-50.0
2020-06-09	41	0	0	0	1	0	713	0	0	0.0	17	0.0	0.0	61.5	-50.0
2020-06-10	41	0	0	0	0	0	713	0	0	0.0	0	0.0	0.0	61.5	-100.0
2020-06-11	41	0	0	0	0	0	713	0	0	0.0	0	0.0	0.0	61.5	-100.0
2020-06-12	41	0	0	0	0	0	713	0	0	0.0	0	0.0	0.0	61.5	0
2020-06-13	41	0	0	0	0	0	713	0	0	0.0	0	0.0	0.0	38.5	0
2020-06-14	41	0	0	0	0	0	713	0	0	0.0	0	0.0	0.0	46.2	0
2020-06-15	41	0	0	0	0	0	713	0	0	0.0	0	0.0	0.0	46.2	0
2020-06-16	41	0	0	0	0	0	713	0	0	0.0	0	0.0	0.0	53.8	0
2020-06-17	41	0	0	0	0	0	713	0	0	0.0	0	0.0	0.0	53.8	0
2020-06-18	41	0	0	0	0	0	713	0	0	0.0	0	0.0	0.0	46.2	0
2020-06-19	41	0	0	0	0	0	713	0	0	0.0	0	0.0	0.0	53.8	0
2020-06-20	41	0	0	0	0	0	713	0	0	0.0	0	0.0	0.0	46.2	0
2020-06-21	41	0	0	0	0	0	713	0	0	0.0	0	0.0	0.0	46.2	0
2020-06-22	41	0	0	0	0	0	713	0	0	0.0	0	0.0	0.0	53.8	0
2020-06-23	41	0	0	0	0	0	713	0	0	0.0	0	0.0	0.0	53.8	0
2020-06-24	41	0	0	0	0	0	713	0	0	0.0	0	0.0	0.0	53.8	0
2020-06-25	41	0	0	0	0	0	713	0	0	0.0	0	0.0	0.0	38.5	0
2020-06-26	41	0	0	0	0	0	713	0	0	0.0	0	0.0	0.0	61.5	0
2020-06-27	41	0	0	0	0	0	713	0	0	0.0	0	0.0	0.0	15.4	0
2020-06-28	41	0	0	0	0	0	713	0	0	0.0	0	0.0	0.0	38.5	0
2020-06-29	41	0	0	0	0	0	713	0	0	0.0	0	0.0	0.0	46.2	0
2020-06-30	41	0	0	0	0	0	713	0	0	0.0	0	0.0	0.0	38.5	0
2020-07-01	41	0	0	0	0	0	713	0	0	0.0	0	0.0	0.0	30.8	0
2020-07-02	41	0	0	0	0	0	713	0	0	0.0	0	0.0	0.0	46.2	0
2020-07-03	41	0	0	0	0	0	713	0	0	0.0	0	0.0	0.0	46.2	0
2020-07-04	41	0	0	0	0	0	713	0	0	0.0	0	0.0	0.0	46.2	0
2020-07-05	41	0	0	0	0	0	713	0	0	0.0	0	0.0	0.0	38.5	0
2020-07-06	41	0	0	0	0	0	713	0	0	0.0	0	0.0	0.0	53.8	0
2020-07-07	42	0	1	0	1	0	731	0	17	0.0	17	0.0	0.0	61.5	0
2020-07-08	42	0	0	0	1	0	731	0	0	0.0	17	0.0	0.0	61.5	0
2020-07-09	42	0	0	0	1	0	731	0	0	0.0	17	0.0	0.0	50.0	0
2020-07-10	42	0	0	0	1	0	731	0	0	0.0	17	0.0	0.0	61.5	0
2020-07-11	42	0	0	0	1	0	731	0	0	0.0	17	0.0	0.0	46.2	0
2020-07-12	42	0	0	0	1	0	731	0	0	0.0	17	0.0	0.0	46.2	0
2020-07-13	42	0	0	0	1	0	731	0	0	0.0	17	0.0	0.0	42.9	0
2020-07-14	42	0	0	0	0	0	731	0	0	0.0	0	0.0	0.0	61.5	0
2020-07-15	42	0	0	0	0	0	731	0	0	0.0	0	0.0	0.0	47.1	0
2020-07-16	42	0	0	0	0	0	731	0	0	0.0	0	0.0	0.0	61.5	0
2020-07-17	42	0	0	0	0	0	731	0	0	0.0	0	0.0	0.0	53.8	0
2020-07-18	42	0	0	0	0	0	731	0	0	0.0	0	0.0	0.0	61.5	0
2020-07-19	42	0	0	0	0	0	731	0	0	0.0	0	0.0	0.0	61.5	0
2020-07-20	42	0	0	0	0	0	731	0	0	0.0	0	0.0	0.0	61.5	0
2020-07-21	42	0	0	0	0	0	731	0	0	0.0	0	0.0	0.0	63.6	0
2020-07-22	42	0	0	0	0	0	731	0	0	0.0	0	0.0	0.0	63.6	0
2020-07-23	42	0	0	0	0	0	731	0	0	0.0	0	0.0	0.0	72.7	0
2020-07-24	42	0	0	0	0	0	731	0	0	0.0	0	0.0	0.0	72.7	0
2020-07-25	42	0	0	0	0	0	731	0	0	0.0	0	0.0	0.0	72.7	0
2020-07-26	42	0	0	0	0	0	731	0	0	0.0	0	0.0	0.0	72.7	0
2020-07-27	42	0	0	0	0	0	731	0	0	0.0	0	0.0	0.0	72.7	0
2020-07-28	42	0	0	0	0	0	731	0	0	0.0	0	0.0	0.0	72.7	0
2020-07-29	42	0	0	0	0	0	731	0	0	0.0	0	0.0	0.0	72.7	0
2020-07-30	42	0	0	0	0	0	731	0	0	0.0	0	0.0	0.0	72.7	0
2020-07-31	42	0	0	0	0	0	731	0	0	0.0	0	0.0	0.0	72.7	0
2020-08-01	42	0	0	0	0	0	731	0	0	0.0	0	0.0	0.0	72.7	0
2020-08-02	42	0	0	0	0	0	731	0	0	0.0	0	0.0	0.0	72.7	0
2020-08-03	42	0	0	0	0	0	731	0	0	0.0	0	0.0	0.0	72.7	0
2020-08-04	42	0	0	0	0	0	731	0	0	0.0	0	0.0	0.0	100.0	0
2020-08-05	42	0	0	0	0	0	731	0	0	0.0	0	0.0	0.0	100.0	0
2020-08-06	42	0	0	0	0	0	731	0	0	0.0	0	0.0	0.0	100.0	0
2020-08-07	42	0	0	0	0	0	731	0	0	0.0	0	0.0	0.0	100.0	0
2020-08-08	42	0	0	0	0	0	731	0	0	0.0	0	0.0	0.0	100.0	0
2020-08-09	42	0	0	0	0	0	731	0	0	0.0	0	0.0	0.0	100.0	0
2020-08-10	42	0	0	0	0	0	731	0	0	0.0	0	0.0	0.0	100.0	0
2020-08-11	42	0	0	0	0	0	731	0	0	0.0	0	0.0	0.0	100.0	0
2020-08-12	43	0	1	0	1	0	748	0	17	0.0	17	0.0	0.0	87.5	0
2020-08-13	43	0	0	0	1	0	748	0	0	0.0	17	0.0	0.0	100.0	0
2020-08-14	44	0	1	0	2	0	765	0	17	0.0	34	0.0	0.0	100.0	0
2020-08-15	44	0	0	0	2	0	765	0	0	0.0	34	0.0	0.0	100.0	0
2020-08-16	44	0	0	0	2	0	765	0	0	0.0	34	0.0	0.0	75.0	0
2020-08-17	44	0	0	0	2	0	765	0	0	0.0	34	0.0	0.0	87.5	0
2020-08-18	44	0	0	0	2	0	765	0	0	0.0	34	0.0	0.0	75.0	0
2020-08-19	47	0	3	0	4	0	818	0	52	0.0	69	0.0	0.0	75.0	0
2020-08-20	47	0	0	0	4	0	818	0	0	0.0	69	0.0	0.0	87.5	0
2020-08-21	47	0	0	0	3	0	818	0	0	0.0	52	0.0	0.0	87.5	50.0
2020-08-22	47	0	0	0	3	0	818	0	0	0.0	52	0.0	0.0	75.0	50.0
2020-08-23	47	0	0	0	3	0	818	0	0	0.0	52	0.0	0.0	75.0	50.0
2020-08-24	47	0	0	0	3	0	818	0	0	0.0	52	0.0	0.0	100.0	50.0
2020-08-25	47	0	0	0	3	0	818	0	0	0.0	52	0.0	0.0	100.0	50.0
2020-08-26	47	0	0	0	0	0	818	0	0	0.0	0	0.0	0.0	87.5	-100.0
2020-08-27	48	0	1	0	1	0	835	0	17	0.0	17	0.0	0.0	87.5	-75.0
2020-08-28	49	0	1	0	2	0	852	0	17	0.0	34	0.0	0.0	87.5	-33.3
2020-08-29	50	0	1	0	3	0	870	0	17	0.0	52	0.0	0.0	75.0	0.0
2020-08-30	50	0	0	0	3	0	870	0	0	0.0	52	0.0	0.0	87.5	0.0
2020-08-31	50	0	0	0	3	0	870	0	0	0.0	52	0.0	0.0	87.5	0.0
2020-09-01	50	0	0	0	3	0	870	0	0	0.0	52	0.0	0.0	87.5	0.0
2020-09-02	50	0	0	0	3	0	870	0	0	0.0	52	0.0	0.0	75.0	0
2020-09-03	50	0	0	0	2	0	870	0	0	0.0	34	0.0	0.0	75.0	0
2020-09-04	50	0	0	0	1	0	870	0	0	0.0	17	0.0	0.0	62.5	-50.0
2020-09-05	50	0	0	0	0	0	870	0	0	0.0	0	0.0	0.0	62.5	-100.0
2020-09-06	50	0	0	0	0	0	870	0	0	0.0	0	0.0	0.0	50.0	-100.0
2020-09-07	50	0	0	0	0	0	870	0	0	0.0	0	0.0	0.0	37.5	-100.0
2020-09-08	50	0	0	0	0	0	870	0	0	0.0	0	0.0	0.0	100.0	-100.0
2020-09-09	51	0	1	0	1	0	887	0	17	0.0	17	0.0	0.0	50.0	-66.7
2020-09-10	53	0	2	0	3	0	922	0	34	0.0	52	0.0	0.0	75.0	50.0
2020-09-11	53	0	0	0	3	0	922	0	0	0.0	52	0.0	0.0	87.5	0
2020-09-12	53	0	0	0	3	0	922	0	0	0.0	52	0.0	0.0	50.0	0
2020-09-13	53	0	0	0	3	0	922	0	0	0.0	52	0.0	0.0	62.5	0
2020-09-14	55	0	2	0	5	0	957	0	34	0.0	87	0.0	0.0	62.5	0
2020-09-15	55	0	0	0	5	0	957	0	0	0.0	87	0.0	0.0	87.5	0
2020-09-16	55	0	0	0	4	0	957	0	0	0.0	69	0.0	0.0	62.5	0
2020-09-17	56	0	1	0	3	0	974	0	17	0.0	52	0.0	0.0	37.5	0.0
2020-09-18	56	0	0	0	3	0	974	0	0	0.0	52	0.0	0.0	37.5	0.0
2020-09-19	56	0	0	0	3	0	974	0	0	0.0	52	0.0	0.0	62.5	0.0
2020-09-20	56	0	0	0	3	0	974	0	0	0.0	52	0.0	0.0	87.5	0.0
2020-09-21	58	0	2	0	3	0	1009	0	34	0.0	52	0.0	0.0	87.5	-40.0
2020-09-22	58	0	0	0	3	0	1009	0	0	0.0	52	0.0	0.0	62.5	-40.0
2020-09-23	59	0	1	0	4	0	1026	0	17	0.0	69	0.0	0.0	87.5	0.0
2020-09-24	64	1	5	1	8	1	1113	17	87	17.405	139	17.4	0.0	100.0	166.7
2020-09-25	65	1	1	0	9	1	1131	17	17	0.0	156	17.4	0.0	100.0	200.0
2020-09-26	68	1	3	0	12	1	1183	17	52	0.0	208	17.4	0.0	75.0	300.0
2020-09-27	68	1	0	0	12	1	1183	17	0	0.0	208	17.4	0.0	87.5	300.0
2020-09-28	68	1	0	0	10	1	1183	17	0	0.0	174	17.4	12.5	100.0	233.3
2020-09-29	69	1	1	0	11	1	1200	17	17	0.0	191	17.4	12.5	87.5	266.7
2020-09-30	71	1	2	0	12	1	1235	17	34	0.0	208	17.4	12.5	100.0	200.0
2020-10-01	77	1	6	0	13	0	1340	17	104	0.0	226	0.0	12.5	100.0	62.5
2020-10-02	77	1	0	0	12	0	1340	17	0	0.0	208	0.0	12.5	100.0	33.3
2020-10-03	80	1	3	0	12	0	1392	17	52	0.0	208	0.0	0.0	87.5	0.0
2020-10-04	81	1	1	0	13	0	1409	17	17	0.0	226	0.0	0.0	100.0	8.3
2020-10-05	81	1	0	0	13	0	1409	17	0	0.0	226	0.0	0.0	87.5	30.0
2020-10-06	82	1	1	0	13	0	1427	17	17	0.0	226	0.0	0.0	75.0	18.2
2020-10-07	82	1	0	0	11	0	1427	17	0	0.0	191	0.0	0.0	62.5	-8.3
2020-10-08	84	1	2	0	7	0	1462	17	34	0.0	121	0.0	0.0	75.0	-46.2
2020-10-09	84	1	0	0	7	0	1462	17	0	0.0	121	0.0	0.0	75.0	-41.7
2020-10-10	84	1	0	0	4	0	1462	17	0	0.0	69	0.0	0.0	62.5	-66.7
2020-10-11	84	1	0	0	3	0	1462	17	0	0.0	52	0.0	0.0	62.5	-76.9
2020-10-12	84	1	0	0	3	0	1462	17	0	0.0	52	0.0	0.0	75.0	-76.9
2020-10-13	85	1	1	0	3	0	1479	17	17	0.0	52	0.0	0.0	87.5	-76.9
2020-10-14	85	1	0	0	3	0	1479	17	0	0.0	52	0.0	0.0	62.5	-72.7
2020-10-15	85	1	0	0	1	0	1479	17	0	0.0	17	0.0	0.0	12.5	-85.7
2020-10-16	85	1	0	0	1	0	1479	17	0	0.0	17	0.0	0.0	37.5	-85.7
2020-10-17	85	1	0	0	1	0	1479	17	0	0.0	17	0.0	0.0	75.0	-75.0
2020-10-18	85	1	0	0	1	0	1479	17	0	0.0	17	0.0	0.0	62.5	-66.7
2020-10-19	86	1	1	0	2	0	1496	17	17	0.0	34	0.0	0.0	62.5	-33.3
2020-10-20	87	1	1	0	2	0	1514	17	17	0.0	34	0.0	0.0	62.5	-33.3
2020-10-21	88	1	1	0	3	0	1531	17	17	0.0	52	0.0	0.0	100.0	0.0
2020-10-22	90	1	2	0	5	0	1566	17	34	0.0	87	0.0	0.0	87.5	0
2020-10-23	93	1	3	0	8	0	1618	17	52	0.0	139	0.0	0.0	75.0	0
2020-10-24	94	1	1	0	9	0	1636	17	17	0.0	156	0.0	0.0	87.5	0
2020-10-25	96	1	2	0	11	0	1670	17	34	0.0	191	0.0	0.0	87.5	0
2020-10-26	97	1	1	0	11	0	1688	17	17	0.0	191	0.0	0.0	75.0	450.0
2020-10-27	103	1	6	0	16	0	1792	17	104	0.0	278	0.0	0.0	50.0	700.0
2020-10-28	105	1	2	0	17	0	1827	17	34	0.0	295	0.0	0.0	100.0	466.7
2020-10-29	113	1	8	0	23	0	1966	17	139	0.0	400	0.0	0.0	87.5	360.0
2020-10-30	123	1	10	0	30	0	2140	17	174	0.0	522	0.0	0.0	100.0	275.0
2020-10-31	136	1	13	0	42	0	2367	17	226	0.0	731	0.0	0.0	87.5	366.7
2020-11-01	137	1	1	0	41	0	2384	17	17	0.0	713	0.0	0.0	75.0	272.7
2020-11-02	140	2	3	1	43	1	2436	34	52	17.405	748	17.4	0.0	87.5	290.9
2020-11-03	145	2	5	0	42	1	2523	34	87	0.0	731	17.4	12.5	87.5	162.5
2020-11-04	152	2	7	0	47	1	2645	34	121	0.0	818	17.4	12.5	100.0	176.5
2020-11-05	164	2	12	0	51	1	2854	34	208	0.0	887	17.4	0.0	75.0	121.7
2020-11-06	171	2	7	0	48	1	2976	34	121	0.0	835	17.4	0.0	62.5	60.0
2020-11-07	175	2	4	0	39	1	3045	34	69	0.0	678	17.4	0.0	37.5	-7.1
2020-11-08	182	2	7	0	45	1	3167	34	121	0.0	783	17.4	0.0	75.0	9.8
2020-11-09	189	2	7	0	49	0	3289	34	121	0.0	852	0.0	0.0	62.5	14.0
2020-11-10	192	4	3	2	47	2	3341	69	52	34.81	818	34.81	0.0	87.5	11.9
2020-11-11	198	4	6	0	46	2	3446	69	104	0.0	800	34.81	0.0	100.0	-2.1
2020-11-12	213	4	15	0	49	2	3707	69	261	0.0	852	34.81	0.0	100.0	-3.9
2020-11-13	220	4	7	0	49	2	3829	69	121	0.0	852	34.81	12.5	100.0	2.1
2020-11-14	225	4	5	0	50	2	3916	69	87	0.0	870	34.81	0.0	75.0	28.2
2020-11-15	226	4	1	0	44	2	3933	69	17	0.0	765	34.81	0.0	75.0	-2.2
2020-11-16	226	4	0	0	37	2	3933	69	0	0.0	643	34.81	0.0	62.5	-24.5
2020-11-17	227	4	1	0	35	0	3950	69	17	0.0	609	0.0	0.0	87.5	-25.5
2020-11-18	227	4	0	0	29	0	3950	69	0	0.0	504	0.0	12.5	100.0	-37.0
2020-11-19	241	4	14	0	28	0	4194	69	243	0.0	487	0.0	12.5	100.0	-42.9
2020-11-20	243	4	2	0	23	0	4229	69	34	0.0	400	0.0	12.5	87.5	-53.1
2020-11-21	249	4	6	0	24	0	4333	69	104	0.0	417	0.0	12.5	100.0	-52.0
2020-11-22	253	4	4	0	27	0	4403	69	69	0.0	469	0.0	12.5	100.0	-38.6
2020-11-23	255	4	2	0	29	0	4438	69	34	0.0	504	0.0	12.5	87.5	-21.6
2020-11-24	261	5	6	1	34	1	4542	87	104	17.405	591	17.4	25.0	100.0	-2.9
2020-11-25	277	5	16	0	50	1	4821	87	278	0.0	870	17.4	25.0	100.0	72.4
2020-11-26	286	6	9	1	45	2	4977	104	156	17.405	783	34.81	25.0	100.0	60.7
2020-11-27	290	6	4	0	47	2	5047	104	69	0.0	818	34.81	25.0	100.0	104.3
2020-11-28	302	6	12	0	53	2	5256	104	208	0.0	922	34.81	25.0	100.0	120.8
2020-11-29	302	6	0	0	49	2	5256	104	0	0.0	852	34.81	25.0	100.0	81.5
2020-11-30	303	6	1	0	48	2	5273	104	17	0.0	835	34.81	37.5	87.5	65.5
2020-12-01	308	6	5	0	47	1	5360	104	87	0.0	818	17.4	37.5	87.5	38.2
2020-12-02	313	6	5	0	36	1	5447	104	87	0.0	626	17.4	37.5	100.0	-28.0
2020-12-03	320	6	7	0	34	0	5569	104	121	0.0	591	0.0	37.5	100.0	-24.4
2020-12-04	326	6	6	0	36	0	5674	104	104	0.0	626	0.0	25.0	100.0	-23.4
2020-12-05	337	6	11	0	35	0	5865	104	191	0.0	609	0.0	25.0	100.0	-34.0
2020-12-06	340	6	3	0	38	0	5917	104	52	0.0	661	0.0	25.0	100.0	-22.4
2020-12-07	340	6	0	0	37	0	5917	104	0	0.0	643	0.0	25.0	100.0	-22.9
2020-12-08	343	7	3	1	35	1	5969	121	52	17.405	609	17.4	25.0	87.5	-25.5
2020-12-09	358	7	15	0	45	1	6230	121	261	0.0	783	17.4	12.5	87.5	25.0
2020-12-10	363	7	5	0	43	1	6317	121	87	0.0	748	17.4	12.5	75.0	26.5
2020-12-11	365	8	2	1	39	2	6352	139	34	17.405	678	34.81	12.5	62.5	8.3
2020-12-12	369	8	4	0	32	2	6422	139	69	0.0	556	34.81	0.0	87.5	-8.6
2020-12-13	372	8	3	0	32	2	6474	139	52	0.0	556	34.81	0.0	75.0	-15.8
2020-12-14	372	8	0	0	32	2	6474	139	0	0.0	556	34.81	0.0	87.5	-13.5
2020-12-15	375	8	3	0	32	1	6526	139	52	0.0	556	17.4	0.0	75.0	-8.6
2020-12-16	379	8	4	0	21	1	6596	139	69	0.0	365	17.4	0.0	100.0	-53.3
2020-12-17	383	8	4	0	20	1	6666	139	69	0.0	348	17.4	12.5	87.5	-53.5
2020-12-18	385	8	2	0	20	0	6700	139	34	0.0	348	0.0	0.0	87.5	-48.7
2020-12-19	389	8	4	0	20	0	6770	139	69	0.0	348	0.0	0.0	62.5	-37.5
2020-12-20	390	8	1	0	18	0	6787	139	17	0.0	313	0.0	0.0	37.5	-43.8
2020-12-21	396	8	6	0	24	0	6892	139	104	0.0	417	0.0	0.0	62.5	-25.0
2020-12-22	401	8	5	0	26	0	6979	139	87	0.0	452	0.0	0.0	62.5	-18.8
2020-12-23	410	8	9	0	31	0	7136	139	156	0.0	539	0.0	0.0	25.0	47.6
2020-12-24	410	8	0	0	27	0	7136	139	0	0.0	469	0.0	0.0	12.5	35.0
2020-12-25	416	9	6	1	31	1	7240	156	104	17.405	539	17.4	0.0	25.0	55.0
2020-12-26	416	9	0	0	27	1	7240	156	0	0.0	469	17.4	0.0	50.0	35.0
2020-12-27	418	9	2	0	28	1	7275	156	34	0.0	487	17.4	0.0	75.0	55.6
2020-12-28	421	9	3	0	25	1	7327	156	52	0.0	435	17.4	12.5	50.0	4.2
2020-12-29	428	9	7	0	27	1	7449	156	121	0.0	469	17.4	12.5	75.0	3.8
2020-12-30	441	9	13	0	31	1	7675	156	226	0.0	539	17.4	0.0	75.0	0.0
2020-12-31	448	9	7	0	38	1	7797	156	121	0.0	661	17.4	0.0	75.0	40.7
2021-01-01	448	9	0	0	32	0	7797	156	0	0.0	556	0.0	12.5	100.0	3.2
2021-01-02	448	9	0	0	32	0	7797	156	0	0.0	556	0.0	12.5	100.0	18.5
2021-01-03	463	12	15	3	45	3	8058	208	261	52.215	783	52.21	25.0	100.0	60.7
2021-01-04	473	14	10	2	52	5	8232	243	174	34.81	905	87.02	12.5	100.0	108.0
2021-01-05	482	15	9	1	54	6	8389	261	156	17.405	939	104.43	12.5	75.0	100.0
2021-01-06	507	15	25	0	66	6	8824	261	435	0.0	1148	104.43	12.5	75.0	112.9
2021-01-07	523	16	16	1	75	7	9102	278	278	17.405	1305	121.83	12.5	62.5	97.4
2021-01-08	534	16	11	0	86	7	9294	278	191	0.0	1496	121.83	12.5	75.0	168.8
2021-01-09	555	16	21	0	107	7	9659	278	365	0.0	1862	121.83	12.5	50.0	234.4
2021-01-10	560	16	5	0	97	4	9746	278	87	0.0	1688	69.62	12.5	100.0	115.6
2021-01-11	562	16	2	0	89	2	9781	278	34	0.0	1549	34.81	12.5	87.5	71.2
2021-01-12	574	19	12	3	92	4	9990	330	208	52.215	1601	69.62	12.5	100.0	70.4
2021-01-13	608	23	34	4	101	8	10582	400	591	69.62	1757	139.24	12.5	87.5	53.0
2021-01-14	620	23	12	0	97	7	10791	400	208	0.0	1688	121.83	12.5	100.0	29.3
2021-01-15	637	24	17	1	103	8	11086	417	295	17.405	1792	139.24	12.5	100.0	19.8
2021-01-16	642	24	5	0	87	8	11173	417	87	0.0	1514	139.24	25.0	87.5	-18.7
2021-01-17	642	24	0	0	82	8	11173	417	0	0.0	1427	139.24	25.0	87.5	-15.5
2021-01-18	645	24	3	0	83	8	11226	417	52	0.0	1444	139.24	25.0	87.5	-6.7
2021-01-19	650	24	5	0	76	5	11313	417	87	0.0	1322	87.02	50.0	100.0	-17.4
2021-01-20	666	25	16	1	58	2	11591	435	278	17.405	1009	34.81	37.5	100.0	-42.6
2021-01-21	676	25	10	0	56	2	11765	435	174	0.0	974	34.81	37.5	100.0	-42.3
2021-01-22	682	25	6	0	45	1	11870	435	104	0.0	783	17.4	25.0	75.0	-56.3
2021-01-23	686	25	4	0	44	1	11939	435	69	0.0	765	17.4	25.0	87.5	-49.4
2021-01-24	691	25	5	0	49	1	12026	435	87	0.0	852	17.4	12.5	75.0	-40.2
2021-01-25	701	25	10	0	56	1	12200	435	174	0.0	974	17.4	12.5	75.0	-32.5
2021-01-26	710	28	9	3	60	4	12357	487	156	52.215	1044	69.62	12.5	75.0	-21.1
2021-01-27	726	28	16	0	60	3	12635	487	278	0.0	1044	52.21	12.5	87.5	3.4
2021-01-28	738	28	12	0	62	3	12844	487	208	0.0	1079	52.21	12.5	87.5	10.7
2021-01-29	747	29	9	1	65	4	13001	504	156	17.405	1131	69.62	12.5	75.0	44.4
2021-01-30	749	29	2	0	63	4	13036	504	34	0.0	1096	69.62	12.5	75.0	43.2
2021-01-31	752	30	3	1	61	5	13088	522	52	17.405	1061	87.02	12.5	75.0	24.5
2021-02-01	753	30	1	0	52	5	13105	522	17	0.0	905	87.02	12.5	75.0	-7.1
2021-02-02	760	30	7	0	50	2	13227	522	121	0.0	870	34.81	12.5	50.0	-16.7
2021-02-03	771	30	11	0	45	2	13419	522	191	0.0	783	34.81	12.5	50.0	-25.0
2021-02-04	775	30	4	0	37	2	13488	522	69	0.0	643	34.81	12.5	75.0	-40.3
2021-02-05	781	30	6	0	34	1	13593	522	104	0.0	591	17.4	25.0	87.5	-47.7
2021-02-06	783	30	2	0	34	1	13628	522	34	0.0	591	17.4	12.5	87.5	-46.0
2021-02-07	783	30	0	0	31	0	13628	522	0	0.0	539	0.0	12.5	62.5	-49.2
2021-02-08	785	30	2	0	32	0	13662	522	34	0.0	556	0.0	12.5	87.5	-38.5
2021-02-09	788	30	3	0	28	0	13715	522	52	0.0	487	0.0	12.5	75.0	-44.0
2021-02-10	790	30	2	0	19	0	13749	522	34	0.0	330	0.0	0.0	100.0	-57.8
2021-02-11	793	30	3	0	18	0	13802	522	52	0.0	313	0.0	0.0	87.5	-51.4
2021-02-12	798	30	5	0	17	0	13889	522	87	0.0	295	0.0	0.0	75.0	-50.0
2021-02-13	798	30	0	0	15	0	13889	522	0	0.0	261	0.0	0.0	50.0	-55.9
2021-02-14	798	30	0	0	15	0	13889	522	0	0.0	261	0.0	0.0	37.5	-51.6
2021-02-15	798	30	0	0	13	0	13889	522	0	0.0	226	0.0	0.0	75.0	-59.4
2021-02-16	800	30	2	0	12	0	13923	522	34	0.0	208	0.0	0.0	62.5	-57.1
2021-02-17	805	30	5	0	15	0	14010	522	87	0.0	261	0.0	0.0	87.5	-21.1
2021-02-18	809	30	4	0	16	0	14080	522	69	0.0	278	0.0	0.0	75.0	-11.1
2021-02-19	816	30	7	0	18	0	14202	522	121	0.0	313	0.0	0.0	87.5	5.9
2021-02-20	817	30	1	0	19	0	14219	522	17	0.0	330	0.0	0.0	25.0	26.7
2021-02-21	817	30	0	0	19	0	14219	522	0	0.0	330	0.0	0.0	25.0	26.7
2021-02-22	821	30	4	0	23	0	14289	522	69	0.0	400	0.0	0.0	62.5	76.9
2021-02-23	821	30	0	0	21	0	14289	522	0	0.0	365	0.0	0.0	87.5	75.0
2021-02-24	824	30	3	0	19	0	14341	522	52	0.0	330	0.0	0.0	100.0	26.7
2021-02-25	834	30	10	0	25	0	14515	522	174	0.0	435	0.0	0.0	87.5	56.2
2021-02-26	836	30	2	0	20	0	14550	522	34	0.0	348	0.0	0.0	100.0	11.1
2021-02-27	836	30	0	0	19	0	14550	522	0	0.0	330	0.0	0.0	37.5	0.0
2021-02-28	836	30	0	0	19	0	14550	522	0	0.0	330	0.0	0.0	50.0	0.0
2021-03-01	839	30	3	0	18	0	14602	522	52	0.0	313	0.0	0.0	62.5	-21.7
2021-03-02	839	30	0	0	18	0	14602	522	0	0.0	313	0.0	0.0	62.5	-14.3
2021-03-03	841	30	2	0	17	0	14637	522	34	0.0	295	0.0	0.0	87.5	-10.5
2021-03-04	843	31	2	1	9	1	14672	539	34	17.405	156	17.4	0.0	87.5	-64.0
2021-03-05	844	31	1	0	8	1	14689	539	17	0.0	139	17.4	0.0	75.0	-60.0
2021-03-06	847	31	3	0	11	1	14741	539	52	0.0	191	17.4	0.0	62.5	-42.1
2021-03-07	847	31	0	0	11	1	14741	539	0	0.0	191	17.4	0.0	62.5	-42.1
2021-03-08	848	31	1	0	9	1	14759	539	17	0.0	156	17.4	0.0	75.0	-50.0
2021-03-09	852	31	4	0	13	1	14828	539	69	0.0	226	17.4	0.0	87.5	-27.8
2021-03-10	854	31	2	0	13	1	14863	539	34	0.0	226	17.4	0.0	75.0	-23.5
2021-03-11	859	31	5	0	16	0	14950	539	87	0.0	278	0.0	0.0	62.5	77.8
2021-03-12	859	31	0	0	15	0	14950	539	0	0.0	261	0.0	0.0	87.5	87.5
2021-03-13	859	31	0	0	12	0	14950	539	0	0.0	208	0.0	0.0	100.0	9.1
2021-03-14	859	31	0	0	12	0	14950	539	0	0.0	208	0.0	0.0	100.0	9.1
2021-03-15	862	31	3	0	14	0	15003	539	52	0.0	243	0.0	0.0	75.0	55.6
2021-03-16	865	32	3	1	13	1	15055	556	52	17.405	226	17.4	0.0	75.0	0.0
2021-03-17	874	32	9	0	20	1	15211	556	156	0.0	348	17.4	0.0	87.5	53.8
2021-03-18	880	32	6	0	21	1	15316	556	104	0.0	365	17.4	0.0	75.0	31.2
2021-03-19	883	33	3	1	24	2	15368	574	52	17.405	417	34.81	0.0	75.0	60.0
2021-03-20	883	33	0	0	24	2	15368	574	0	0.0	417	34.81	12.5	100.0	100.0
2021-03-21	883	33	0	0	24	2	15368	574	0	0.0	417	34.81	12.5	100.0	100.0
2021-03-22	893	33	10	0	31	2	15542	574	174	0.0	539	34.81	12.5	75.0	121.4
2021-03-23	899	33	6	0	34	1	15647	574	104	0.0	591	17.4	0.0	87.5	161.5
2021-03-24	917	33	18	0	43	1	15960	574	313	0.0	748	17.4	0.0	62.5	115.0
2021-03-25	926	33	9	0	46	1	16116	574	156	0.0	800	17.4	0.0	87.5	119.0
2021-03-26	928	33	2	0	45	0	16151	574	34	0.0	783	0.0	12.5	87.5	87.5
2021-03-27	941	33	13	0	58	0	16378	574	226	0.0	1009	0.0	12.5	100.0	141.7
2021-03-28	941	33	0	0	58	0	16378	574	0	0.0	1009	0.0	12.5	75.0	141.7
2021-03-29	944	33	3	0	51	0	16430	574	52	0.0	887	0.0	12.5	75.0	64.5
2021-03-30	947	33	3	0	48	0	16482	574	52	0.0	835	0.0	0.0	75.0	41.2
2021-03-31	954	33	7	0	37	0	16604	574	121	0.0	643	0.0	0.0	75.0	-14.0
2021-04-01	970	33	16	0	44	0	16882	574	278	0.0	765	0.0	0.0	87.5	-4.3
2021-04-02	976	33	6	0	48	0	16987	574	104	0.0	835	0.0	0.0	87.5	6.7
2021-04-03	987	33	11	0	46	0	17178	574	191	0.0	800	0.0	0.0	100.0	-20.7
2021-04-04	987	33	0	0	46	0	17178	574	0	0.0	800	0.0	0.0	100.0	-20.7
2021-04-05	987	33	0	0	43	0	17178	574	0	0.0	748	0.0	12.5	100.0	-15.7
2021-04-06	989	33	2	0	42	0	17213	574	34	0.0	731	0.0	12.5	100.0	-12.5
2021-04-07	993	33	4	0	39	0	17283	574	69	0.0	678	0.0	12.5	87.5	5.4
2021-04-08	1005	33	12	0	35	0	17491	574	208	0.0	609	0.0	12.5	100.0	-20.5
2021-04-09	1017	33	12	0	41	0	17700	574	208	0.0	713	0.0	12.5	100.0	-14.6
2021-04-10	1033	33	16	0	46	0	17979	574	278	0.0	800	0.0	12.5	87.5	0.0
2021-04-11	1033	33	0	0	46	0	17979	574	0	0.0	800	0.0	12.5	87.5	0.0
2021-04-12	1034	33	1	0	47	0	17996	574	17	0.0	818	0.0	12.5	100.0	9.3
2021-04-13	1040	33	6	0	51	0	18101	574	104	0.0	887	0.0	12.5	100.0	21.4
2021-04-14	1078	33	38	0	85	0	18762	574	661	0.0	1479	0.0	12.5	87.5	117.9
2021-04-15	1081	33	3	0	76	0	18814	574	52	0.0	1322	0.0	12.5	100.0	117.1
2021-04-16	1094	33	13	0	77	0	19040	574	226	0.0	1340	0.0	12.5	100.0	87.8
2021-04-17	1102	34	8	1	69	1	19180	591	139	17.405	1200	17.4	12.5	87.5	50.0
2021-04-18	1102	34	0	0	69	1	19180	591	0	0.0	1200	17.4	12.5	100.0	50.0
2021-04-19	1102	34	0	0	68	1	19180	591	0	0.0	1183	17.4	12.5	100.0	44.7
2021-04-20	1103	34	1	0	63	1	19197	591	17	0.0	1096	17.4	12.5	75.0	23.5
2021-04-21	1113	34	10	0	35	1	19371	591	174	0.0	609	17.4	12.5	87.5	-58.8
2021-04-22	1121	34	8	0	40	1	19510	591	139	0.0	696	17.4	12.5	87.5	-47.4
2021-04-23	1122	34	1	0	28	1	19528	591	17	0.0	487	17.4	25.0	87.5	-63.6
2021-04-24	1127	35	5	1	25	1	19615	609	87	17.405	435	17.4	37.5	75.0	-63.8
2021-04-25	1127	35	0	0	25	1	19615	609	0	0.0	435	17.4	37.5	87.5	-63.8
2021-04-26	1130	35	3	0	28	1	19667	609	52	0.0	487	17.4	37.5	87.5	-58.8
2021-04-27	1133	36	3	1	30	2	19719	626	52	17.405	522	34.81	50.0	87.5	-52.4
2021-04-28	1138	36	5	0	25	2	19806	626	87	0.0	435	34.81	50.0	75.0	-28.6
2021-04-29	1140	36	2	0	19	2	19841	626	34	0.0	330	34.81	50.0	100.0	-52.5
2021-04-30	1144	36	4	0	22	2	19911	626	69	0.0	382	34.81	50.0	100.0	-21.4
2021-05-01	1155	36	11	0	28	1	20102	626	191	0.0	487	17.4	50.0	100.0	12.0
2021-05-02	1155	36	0	0	28	1	20102	626	0	0.0	487	17.4	50.0	100.0	12.0
2021-05-03	1157	36	2	0	27	1	20137	626	34	0.0	469	17.4	50.0	100.0	-3.6
2021-05-04	1161	36	4	0	28	0	20207	626	69	0.0	487	0.0	50.0	100.0	-6.7
2021-05-05	1163	36	2	0	25	0	20241	626	34	0.0	435	0.0	50.0	100.0	0.0
2021-05-06	1167	36	4	0	27	0	20311	626	69	0.0	469	0.0	37.5	100.0	42.1
2021-05-07	1170	36	3	0	26	0	20363	626	52	0.0	452	0.0	50.0	100.0	18.2
2021-05-08	1171	36	1	0	16	0	20381	626	17	0.0	278	0.0	50.0	100.0	-42.9
2021-05-09	1171	36	0	0	16	0	20381	626	0	0.0	278	0.0	50.0	100.0	-42.9
2021-05-10	1173	36	2	0	16	0	20415	626	34	0.0	278	0.0	50.0	100.0	-40.7
2021-05-11	1179	36	6	0	18	0	20520	626	104	0.0	313	0.0	37.5	87.5	-35.7
2021-05-12	1184	36	5	0	21	0	20607	626	87	0.0	365	0.0	37.5	87.5	-16.0
2021-05-13	1184	36	0	0	17	0	20607	626	0	0.0	295	0.0	37.5	87.5	-37.0
2021-05-14	1192	36	8	0	22	0	20746	626	139	0.0	382	0.0	25.0	62.5	-15.4
2021-05-15	1205	36	13	0	34	0	20972	626	226	0.0	591	0.0	25.0	87.5	112.5
2021-05-16	1205	36	0	0	34	0	20972	626	0	0.0	591	0.0	25.0	87.5	112.5
2021-05-17	1207	36	2	0	34	0	21007	626	34	0.0	591	0.0	25.0	100.0	112.5
2021-05-18	1209	36	2	0	30	0	21042	626	34	0.0	522	0.0	25.0	100.0	66.7
2021-05-19	1210	36	1	0	26	0	21059	626	17	0.0	452	0.0	37.5	100.0	23.8
2021-05-20	1214	36	4	0	30	0	21129	626	69	0.0	522	0.0	37.5	100.0	76.5
2021-05-21	1214	36	0	0	22	0	21129	626	0	0.0	382	0.0	37.5	100.0	0.0
2021-05-22	1219	36	5	0	14	0	21216	626	87	0.0	243	0.0	37.5	100.0	-58.8
2021-05-23	1219	36	0	0	14	0	21216	626	0	0.0	243	0.0	37.5	100.0	-58.8
2021-05-24	1219	36	0	0	12	0	21216	626	0	0.0	208	0.0	37.5	100.0	-64.7
2021-05-25	1219	36	0	0	10	0	21216	626	0	0.0	174	0.0	37.5	100.0	-66.7
2021-05-26	1220	36	1	0	10	0	21234	626	17	0.0	174	0.0	37.5	100.0	-61.5
2021-05-27	1223	36	3	0	9	0	21286	626	52	0.0	156	0.0	37.5	100.0	-70.0
2021-05-28	1229	36	6	0	15	0	21390	626	104	0.0	261	0.0	37.5	100.0	-31.8
2021-05-29	1231	36	2	0	12	0	21425	626	34	0.0	208	0.0	25.0	87.5	-14.3
2021-05-30	1231	36	0	0	12	0	21425	626	0	0.0	208	0.0	25.0	87.5	-14.3
2021-05-31	1231	36	0	0	12	0	21425	626	0	0.0	208	0.0	25.0	100.0	0.0
2021-06-01	1233	36	2	0	14	0	21460	626	34	0.0	243	0.0	25.0	87.5	40.0
2021-06-02	1234	36	1	0	14	0	21477	626	17	0.0	243	0.0	25.0	87.5	40.0
2021-06-03	1234	36	0	0	11	0	21477	626	0	0.0	191	0.0	25.0	100.0	22.2
2021-06-04	1235	36	1	0	6	0	21495	626	17	0.0	104	0.0	0.0	100.0	-60.0
2021-06-05	1235	36	0	0	4	0	21495	626	0	0.0	69	0.0	0.0	87.5	-66.7
2021-06-06	1235	36	0	0	4	0	21495	626	0	0.0	69	0.0	0.0	100.0	-66.7
2021-06-07	1235	36	0	0	4	0	21495	626	0	0.0	69	0.0	0.0	75.0	-66.7
2021-06-08	1235	36	0	0	2	0	21495	626	0	0.0	34	0.0	0.0	62.5	-85.7
2021-06-09	1236	36	1	0	2	0	21512	626	17	0.0	34	0.0	0.0	100.0	-85.7
2021-06-10	1237	36	1	0	3	0	21529	626	17	0.0	52	0.0	0.0	100.0	-72.7
2021-06-11	1237	36	0	0	2	0	21529	626	0	0.0	34	0.0	0.0	87.5	-66.7
2021-06-12	1239	36	2	0	4	0	21564	626	34	0.0	69	0.0	0.0	87.5	0.0
2021-06-13	1239	36	0	0	4	0	21564	626	0	0.0	69	0.0	0.0	75.0	0.0
2021-06-14	1239	36	0	0	4	0	21564	626	0	0.0	69	0.0	0.0	87.5	0.0
2021-06-15	1239	36	0	0	4	0	21564	626	0	0.0	69	0.0	0.0	62.5	100.0
2021-06-16	1239	36	0	0	3	0	21564	626	0	0.0	52	0.0	0.0	62.5	50.0
2021-06-17	1240	36	1	0	3	0	21582	626	17	0.0	52	0.0	0.0	75.0	0.0
2021-06-18	1240	36	0	0	3	0	21582	626	0	0.0	52	0.0	12.5	100.0	50.0
2021-06-19	1240	36	0	0	1	0	21582	626	0	0.0	17	0.0	0.0	87.5	-75.0
2021-06-20	1240	36	0	0	1	0	21582	626	0	0.0	17	0.0	0.0	87.5	-75.0
2021-06-21	1241	36	1	0	2	0	21599	626	17	0.0	34	0.0	0.0	87.5	-50.0
2021-06-22	1241	36	0	0	2	0	21599	626	0	0.0	34	0.0	0.0	75.0	-50.0
2021-06-23	1242	36	1	0	3	0	21616	626	17	0.0	52	0.0	0.0	62.5	0.0
2021-06-24	1242	36	0	0	2	0	21616	626	0	0.0	34	0.0	0.0	75.0	-33.3
2021-06-25	1242	36	0	0	2	0	21616	626	0	0.0	34	0.0	0.0	75.0	-33.3
2021-06-26	1242	36	0	0	2	0	21616	626	0	0.0	34	0.0	0.0	50.0	0
2021-06-27	1242	36	0	0	2	0	21616	626	0	0.0	34	0.0	0.0	50.0	0
2021-06-28	1242	36	0	0	1	0	21616	626	0	0.0	17	0.0	0.0	50.0	-50.0
2021-06-29	1242	36	0	0	1	0	21616	626	0	0.0	17	0.0	0.0	12.5	-50.0
2021-06-30	1242	36	0	0	0	0	21616	626	0	0.0	0	0.0	0.0	75.0	-100.0
2021-07-01	1245	36	3	0	3	0	21669	626	52	0.0	52	0.0	0.0	75.0	50.0
2021-07-02	1245	36	0	0	3	0	21669	626	0	0.0	52	0.0	0.0	87.5	50.0
2021-07-03	1245	36	0	0	3	0	21669	626	0	0.0	52	0.0	0.0	75.0	50.0
2021-07-04	1245	36	0	0	3	0	21669	626	0	0.0	52	0.0	0.0	50.0	50.0
2021-07-05	1245	36	0	0	3	0	21669	626	0	0.0	52	0.0	0.0	62.5	0
2021-07-06	1245	36	0	0	3	0	21669	626	0	0.0	52	0.0	0.0	100.0	0
2021-07-07	1245	36	0	0	3	0	21669	626	0	0.0	52	0.0	0.0	100.0	0
2021-07-08	1246	36	1	0	1	0	21686	626	17	0.0	17	0.0	0.0	87.5	-66.7
2021-07-09	1246	36	0	0	1	0	21686	626	0	0.0	17	0.0	0.0	100.0	-66.7
2021-07-10	1246	36	0	0	1	0	21686	626	0	0.0	17	0.0	0.0	87.5	-66.7
2021-07-11	1246	36	0	0	1	0	21686	626	0	0.0	17	0.0	0.0	87.5	-66.7
2021-07-12	1246	36	0	0	1	0	21686	626	0	0.0	17	0.0	0.0	62.5	-66.7
2021-07-13	1246	36	0	0	1	0	21686	626	0	0.0	17	0.0	0.0	75.0	-66.7
2021-07-14	1246	36	0	0	1	0	21686	626	0	0.0	17	0.0	0.0	100.0	-66.7
2021-07-15	1246	36	0	0	0	0	21686	626	0	0.0	0	0.0	0.0	87.5	0
2021-07-16	1246	36	0	0	0	0	21686	626	0	0.0	0	0.0	0.0	50.0	0
2021-07-17	1246	36	0	0	0	0	21686	626	0	0.0	0	0.0	0.0	75.0	0
2021-07-18	1246	36	0	0	0	0	21686	626	0	0.0	0	0.0	0.0	62.5	0
2021-07-19	1249	36	3	0	3	0	21738	626	52	0.0	52	0.0	0.0	75.0	0
2021-07-20	1250	36	1	0	4	0	21756	626	17	0.0	69	0.0	0.0	75.0	0
2021-07-21	1252	36	2	0	6	0	21790	626	34	0.0	104	0.0	0.0	62.5	0
2021-07-22	1257	36	5	0	11	0	21877	626	87	0.0	191	0.0	0.0	75.0	0
2021-07-23	1261	36	4	0	15	0	21947	626	69	0.0	261	0.0	0.0	75.0	0
2021-07-24	1261	36	0	0	15	0	21947	626	0	0.0	261	0.0	0.0	87.5	0
2021-07-25	1261	36	0	0	15	0	21947	626	0	0.0	261	0.0	0.0	75.0	0
2021-07-26	1261	36	0	0	12	0	21947	626	0	0.0	208	0.0	0.0	100.0	300.0
2021-07-27	1261	36	0	0	11	0	21947	626	0	0.0	191	0.0	0.0	87.5	175.0
2021-07-28	1262	36	1	0	10	0	21965	626	17	0.0	174	0.0	0.0	75.0	66.7
2021-07-29	1263	36	1	0	6	0	21982	626	17	0.0	104	0.0	0.0	100.0	-45.5
2021-07-30	1264	36	1	0	3	0	21999	626	17	0.0	52	0.0	0.0	100.0	-80.0
2021-07-31	1264	36	0	0	3	0	21999	626	0	0.0	52	0.0	0.0	87.5	-80.0
2021-08-01	1264	36	0	0	3	0	21999	626	0	0.0	52	0.0	0.0	100.0	-80.0
2021-08-02	1264	36	0	0	3	0	21999	626	0	0.0	52	0.0	0.0	100.0	-75.0
2021-08-03	1264	36	0	0	3	0	21999	626	0	0.0	52	0.0	0.0	87.5	-72.7
2021-08-04	1264	36	0	0	2	0	21999	626	0	0.0	34	0.0	0.0	100.0	-80.0
2021-08-05	1265	36	1	0	2	0	22017	626	17	0.0	34	0.0	0.0	100.0	-66.7
2021-08-06	1266	36	1	0	2	0	22034	626	17	0.0	34	0.0	0.0	100.0	-33.3
2021-08-07	1266	36	0	0	2	0	22034	626	0	0.0	34	0.0	0.0	87.5	-33.3
2021-08-08	1266	36	0	0	2	0	22034	626	0	0.0	34	0.0	0.0	100.0	-33.3
2021-08-09	1267	36	1	0	3	0	22052	626	17	0.0	52	0.0	0.0	87.5	0.0
2021-08-10	1268	36	1	0	4	0	22069	626	17	0.0	69	0.0	0.0	87.5	33.3
2021-08-11	1270	36	2	0	6	0	22104	626	34	0.0	104	0.0	0.0	100.0	200.0
2021-08-12	1272	36	2	0	7	0	22139	626	34	0.0	121	0.0	0.0	87.5	250.0
2021-08-13	1272	36	0	0	6	0	22139	626	0	0.0	104	0.0	0.0	100.0	200.0
2021-08-14	1272	36	0	0	6	0	22139	626	0	0.0	104	0.0	0.0	100.0	200.0
2021-08-15	1272	36	0	0	6	0	22139	626	0	0.0	104	0.0	0.0	100.0	200.0
2021-08-16	1276	36	4	0	9	0	22208	626	69	0.0	156	0.0	0.0	100.0	200.0
2021-08-17	1276	36	0	0	8	0	22208	626	0	0.0	139	0.0	0.0	100.0	100.0
2021-08-18	1276	36	0	0	6	0	22208	626	0	0.0	104	0.0	0.0	100.0	0.0
2021-08-19	1277	36	1	0	5	0	22226	626	17	0.0	87	0.0	0.0	100.0	-28.6
2021-08-20	1279	36	2	0	7	0	22260	626	34	0.0	121	0.0	0.0	62.5	16.7
2021-08-21	1279	36	0	0	7	0	22260	626	0	0.0	121	0.0	0.0	62.5	16.7
2021-08-22	1279	36	0	0	7	0	22260	626	0	0.0	121	0.0	0.0	75.0	16.7
2021-08-23	1287	36	8	0	11	0	22400	626	139	0.0	191	0.0	0.0	87.5	22.2
2021-08-24	1287	36	0	0	11	0	22400	626	0	0.0	191	0.0	0.0	87.5	37.5
2021-08-25	1292	36	5	0	16	0	22487	626	87	0.0	278	0.0	0.0	100.0	166.7
2021-08-26	1292	36	0	0	15	0	22487	626	0	0.0	261	0.0	0.0	100.0	200.0
2021-08-27	1294	36	2	0	15	0	22521	626	34	0.0	261	0.0	0.0	87.5	114.3
2021-08-28	1294	36	0	0	15	0	22521	626	0	0.0	261	0.0	0.0	75.0	114.3
2021-08-29	1294	36	0	0	15	0	22521	626	0	0.0	261	0.0	0.0	87.5	114.3
2021-08-30	1300	36	6	0	13	0	22626	626	104	0.0	226	0.0	0.0	87.5	18.2
2021-08-31	1303	36	3	0	16	0	22678	626	52	0.0	278	0.0	0.0	87.5	45.5
2021-09-01	1304	36	1	0	12	0	22696	626	17	0.0	208	0.0	0.0	87.5	-25.0
2021-09-02	1306	36	2	0	14	0	22730	626	34	0.0	243	0.0	0.0	87.5	-6.7
2021-09-03	1311	36	5	0	17	0	22817	626	87	0.0	295	0.0	0.0	75.0	13.3
2021-09-04	1312	36	1	0	18	0	22835	626	17	0.0	313	0.0	0.0	75.0	20.0
2021-09-05	1312	36	0	0	18	0	22835	626	0	0.0	313	0.0	0.0	87.5	20.0
2021-09-06	1317	36	5	0	17	0	22922	626	87	0.0	295	0.0	0.0	75.0	30.8
2021-09-07	1329	36	12	0	26	0	23131	626	208	0.0	452	0.0	0.0	100.0	62.5
2021-09-08	1337	36	8	0	33	0	23270	626	139	0.0	574	0.0	0.0	87.5	175.0
2021-09-09	1342	36	5	0	36	0	23357	626	87	0.0	626	0.0	0.0	87.5	157.1
2021-09-10	1346	36	4	0	35	0	23427	626	69	0.0	609	0.0	0.0	100.0	105.9
2021-09-11	1350	36	4	0	38	0	23496	626	69	0.0	661	0.0	0.0	100.0	111.1
2021-09-12	1350	36	0	0	38	0	23496	626	0	0.0	661	0.0	0.0	100.0	111.1
2021-09-13	1350	36	0	0	33	0	23496	626	0	0.0	574	0.0	0.0	100.0	94.1
2021-09-14	1351	36	1	0	22	0	23514	626	17	0.0	382	0.0	0.0	75.0	-15.4
2021-09-15	1353	36	2	0	16	0	23548	626	34	0.0	278	0.0	0.0	87.5	-51.5
2021-09-16	1353	36	0	0	11	0	23548	626	0	0.0	191	0.0	0.0	62.5	-69.4
2021-09-17	1353	36	0	0	7	0	23548	626	0	0.0	121	0.0	0.0	62.5	-80.0
2021-09-18	1353	36	0	0	3	0	23548	626	0	0.0	52	0.0	0.0	87.5	-92.1
2021-09-19	1353	36	0	0	3	0	23548	626	0	0.0	52	0.0	0.0	87.5	-92.1
2021-09-20	1356	36	3	0	6	0	23601	626	52	0.0	104	0.0	0.0	87.5	-81.8
2021-09-21	1356	36	0	0	5	0	23601	626	0	0.0	87	0.0	0.0	87.5	-77.3
2021-09-22	1361	36	5	0	8	0	23688	626	87	0.0	139	0.0	0.0	100.0	-50.0
2021-09-23	1363	36	2	0	10	0	23722	626	34	0.0	174	0.0	0.0	100.0	-9.1
2021-09-24	1363	36	0	0	10	0	23722	626	0	0.0	174	0.0	0.0	87.5	42.9
2021-09-25	1363	36	0	0	10	0	23722	626	0	0.0	174	0.0	0.0	75.0	233.3
2021-09-26	1363	36	0	0	10	0	23722	626	0	0.0	174	0.0	0.0	100.0	233.3
2021-09-27	1367	36	4	0	11	0	23792	626	69	0.0	191	0.0	0.0	87.5	83.3
2021-09-28	1368	36	1	0	12	0	23809	626	17	0.0	208	0.0	0.0	100.0	140.0
2021-09-29	1372	36	4	0	11	0	23879	626	69	0.0	191	0.0	0.0	100.0	37.5
2021-09-30	1372	36	0	0	9	0	23879	626	0	0.0	156	0.0	0.0	100.0	-10.0
2021-10-01	1374	36	2	0	11	0	23914	626	34	0.0	191	0.0	0.0	100.0	10.0
2021-10-02	1374	36	0	0	11	0	23914	626	0	0.0	191	0.0	0.0	100.0	10.0
2021-10-03	1374	36	0	0	11	0	23914	626	0	0.0	191	0.0	0.0	100.0	10.0
2021-10-04	1374	36	0	0	7	0	23914	626	0	0.0	121	0.0	0.0	100.0	-36.4
2021-10-05	1377	36	3	0	9	0	23966	626	52	0.0	156	0.0	0.0	100.0	-25.0
2021-10-06	1377	36	0	0	5	0	23966	626	0	0.0	87	0.0	0.0	100.0	-54.5
2021-10-07	1382	36	5	0	10	0	24053	626	87	0.0	174	0.0	0.0	100.0	11.1
2021-10-08	1393	36	11	0	19	0	24245	626	191	0.0	330	0.0	0.0	100.0	72.7
2021-10-09	1401	36	8	0	27	0	24384	626	139	0.0	469	0.0	0.0	100.0	145.5
2021-10-10	1401	36	0	0	27	0	24384	626	0	0.0	469	0.0	0.0	100.0	145.5
2021-10-11	1402	36	1	0	28	0	24401	626	17	0.0	487	0.0	0.0	100.0	300.0
2021-10-12	1411	36	9	0	34	0	24558	626	156	0.0	591	0.0	0.0	87.5	277.8
2021-10-13	1416	36	5	0	39	0	24645	626	87	0.0	678	0.0	0.0	87.5	680.0
2021-10-14	1437	36	21	0	55	0	25010	626	365	0.0	957	0.0	0.0	100.0	450.0
2021-10-15	1441	36	4	0	48	0	25080	626	69	0.0	835	0.0	0.0	100.0	152.6
2021-10-16	1441	36	0	0	40	0	25080	626	0	0.0	696	0.0	0.0	100.0	48.1
2021-10-17	1441	36	0	0	40	0	25080	626	0	0.0	696	0.0	0.0	100.0	48.1
2021-10-18	1452	36	11	0	50	0	25271	626	191	0.0	870	0.0	0.0	100.0	78.6
2021-10-19	1456	36	4	0	45	0	25341	626	69	0.0	783	0.0	0.0	100.0	32.4
2021-10-20	1465	36	9	0	49	0	25498	626	156	0.0	852	0.0	0.0	100.0	25.6
2021-10-21	1469	36	4	0	32	0	25567	626	69	0.0	556	0.0	0.0	100.0	-41.8
2021-10-22	1474	36	5	0	33	0	25654	626	87	0.0	574	0.0	0.0	87.5	-31.2
2021-10-23	1474	36	0	0	33	0	25654	626	0	0.0	574	0.0	0.0	100.0	-17.5
2021-10-24	1474	36	0	0	33	0	25654	626	0	0.0	574	0.0	0.0	100.0	-17.5
2021-10-25	1476	36	2	0	24	0	25689	626	34	0.0	417	0.0	0.0	100.0	-52.0
2021-10-26	1485	36	9	0	29	0	25846	626	156	0.0	504	0.0	0.0	100.0	-35.6
2021-10-27	1494	36	9	0	29	0	26002	626	156	0.0	504	0.0	0.0	100.0	-40.8
2021-10-28	1497	36	3	0	28	0	26055	626	52	0.0	487	0.0	0.0	100.0	-12.5
2021-10-29	1504	36	7	0	30	0	26177	626	121	0.0	522	0.0	0.0	100.0	-9.1
2021-10-30	1504	36	0	0	30	0	26177	626	0	0.0	522	0.0	0.0	100.0	-9.1
2021-10-31	1504	36	0	0	30	0	26177	626	0	0.0	522	0.0	0.0	100.0	-9.1
2021-11-01	1507	36	3	0	31	0	26229	626	52	0.0	539	0.0	0.0	87.5	29.2
2021-11-02	1521	36	14	0	36	0	26472	626	243	0.0	626	0.0	0.0	87.5	24.1
2021-11-03	1533	36	12	0	39	0	26681	626	208	0.0	678	0.0	0.0	100.0	34.5
2021-11-04	1538	36	5	0	41	0	26768	626	87	0.0	713	0.0	0.0	100.0	46.4
2021-11-05	1540	36	2	0	36	0	26803	626	34	0.0	626	0.0	0.0	100.0	20.0
2021-11-06	1540	36	0	0	36	0	26803	626	0	0.0	626	0.0	0.0	100.0	20.0
2021-11-07	1540	36	0	0	36	0	26803	626	0	0.0	626	0.0	0.0	100.0	20.0
2021-11-08	1545	36	5	0	38	0	26890	626	87	0.0	661	0.0	0.0	100.0	22.6
2021-11-09	1550	36	5	0	29	0	26977	626	87	0.0	504	0.0	0.0	87.5	-19.4
2021-11-10	1556	36	6	0	23	0	27082	626	104	0.0	400	0.0	0.0	87.5	-41.0
2021-11-11	1561	36	5	0	23	0	27169	626	87	0.0	400	0.0	0.0	100.0	-43.9
2021-11-12	1567	36	6	0	27	0	27273	626	104	0.0	469	0.0	0.0	100.0	-25.0
2021-11-13	1567	36	0	0	27	0	27273	626	0	0.0	469	0.0	0.0	100.0	-25.0
2021-11-14	1567	36	0	0	27	0	27273	626	0	0.0	469	0.0	0.0	100.0	-25.0
2021-11-15	1573	36	6	0	28	0	27377	626	104	0.0	487	0.0	0.0	100.0	-26.3
2021-11-16	1584	36	11	0	34	0	27569	626	191	0.0	591	0.0	0.0	87.5	17.2
2021-11-17	1601	36	17	0	45	0	27865	626	295	0.0	783	0.0	0.0	87.5	95.7
2021-11-18	1622	36	21	0	61	0	28230	626	365	0.0	1061	0.0	0.0	87.5	165.2
2021-11-19	1645	36	23	0	78	0	28631	626	400	0.0	1357	0.0	0.0	87.5	188.9
2021-11-20	1645	36	0	0	78	0	28631	626	0	0.0	1357	0.0	0.0	100.0	188.9
2021-11-21	1645	36	0	0	78	0	28631	626	0	0.0	1357	0.0	0.0	100.0	188.9
2021-11-22	1657	36	12	0	84	0	28839	626	208	0.0	1462	0.0	0.0	100.0	200.0
2021-11-23	1701	36	44	0	117	0	29605	626	765	0.0	2036	0.0	0.0	100.0	244.1
2021-11-24	1745	36	44	0	144	0	30371	626	765	0.0	2506	0.0	0.0	100.0	220.0
2021-11-25	1778	36	33	0	156	0	30945	626	574	0.0	2715	0.0	0.0	100.0	155.7
2021-11-26	1826	36	48	0	181	0	31781	626	835	0.0	3150	0.0	0.0	100.0	132.1
2021-11-27	1849	36	23	0	204	0	32181	626	400	0.0	3550	0.0	0.0	100.0	161.5
2021-11-28	1849	36	0	0	204	0	32181	626	0	0.0	3550	0.0	0.0	100.0	161.5
2021-11-29	1879	38	30	2	222	2	32703	661	522	34.81	3863	34.81	0.0	100.0	164.3
2021-11-30	1906	38	27	0	205	2	33173	661	469	0.0	3568	34.81	0.0	100.0	75.2
2021-12-01	1932	38	26	0	187	2	33626	661	452	0.0	3254	34.81	0.0	87.5	29.9
2021-12-02	1951	38	19	0	173	2	33957	661	330	0.0	3011	34.81	0.0	87.5	10.9
2021-12-03	1975	38	24	0	149	2	34374	661	417	0.0	2593	34.81	0.0	100.0	-17.7
2021-12-04	1975	38	0	0	126	2	34374	661	0	0.0	2193	34.81	0.0	87.5	-38.2
2021-12-05	1975	38	0	0	126	2	34374	661	0	0.0	2193	34.81	12.5	100.0	-38.2
2021-12-06	1989	38	14	0	110	0	34618	661	243	0.0	1914	0.0	12.5	100.0	-50.5
2021-12-07	2018	38	29	0	112	0	35123	661	504	0.0	1949	0.0	25.0	100.0	-45.4
2021-12-08	2032	39	14	1	100	1	35366	678	243	17.405	1740	17.4	25.0	100.0	-46.5
2021-12-09	2056	39	24	0	105	1	35784	678	417	0.0	1827	17.4	25.0	87.5	-39.3
2021-12-10	2068	40	12	1	93	2	35993	696	208	17.405	1618	34.81	25.0	75.0	-37.6
2021-12-11	2068	40	0	0	93	2	35993	696	0	0.0	1618	34.81	25.0	100.0	-26.2
2021-12-12	2068	40	0	0	93	2	35993	696	0	0.0	1618	34.81	25.0	100.0	-26.2
2021-12-13	2084	40	16	0	95	2	36271	696	278	0.0	1653	34.81	37.5	100.0	-13.6
2021-12-14	2089	40	5	0	71	2	36358	696	87	0.0	1235	34.81	37.5	100.0	-36.6
2021-12-15	2101	40	12	0	69	1	36567	696	208	0.0	1200	17.4	37.5	100.0	-31.0
2021-12-16	2108	40	7	0	52	1	36689	696	121	0.0	905	17.4	37.5	100.0	-50.5
2021-12-17	2114	41	6	1	46	1	36794	713	104	17.405	800	17.4	37.5	100.0	-50.5
2021-12-18	2114	41	0	0	46	1	36794	713	0	0.0	800	17.4	37.5	100.0	-50.5
2021-12-19	2114	41	0	0	46	1	36794	713	0	0.0	800	17.4	37.5	100.0	-50.5
2021-12-20	2125	41	11	0	41	1	36985	713	191	0.0	713	17.4	25.0	87.5	-56.8
2021-12-21	2130	41	5	0	41	1	37072	713	87	0.0	713	17.4	25.0	87.5	-42.3
2021-12-22	2142	41	12	0	41	1	37281	713	208	0.0	713	17.4	25.0	87.5	-40.6
2021-12-23	2146	41	4	0	38	1	37350	713	69	0.0	661	17.4	25.0	100.0	-26.9
2021-12-24	2146	41	0	0	32	0	37350	713	0	0.0	556	0.0	12.5	87.5	-30.4
2021-12-25	2146	41	0	0	32	0	37350	713	0	0.0	556	0.0	12.5	100.0	-30.4
2021-12-26	2154	41	8	0	40	0	37490	713	139	0.0	696	0.0	12.5	100.0	-13.0
2021-12-27	2155	41	1	0	30	0	37507	713	17	0.0	522	0.0	12.5	100.0	-26.8
2021-12-28	2159	41	4	0	29	0	37577	713	69	0.0	504	0.0	12.5	100.0	-29.3
2021-12-29	2165	41	6	0	23	0	37681	713	104	0.0	400	0.0	12.5	75.0	-43.9
2021-12-30	2183	41	18	0	37	0	37994	713	313	0.0	643	0.0	12.5	75.0	-2.6
2021-12-31	2183	41	0	0	37	0	37994	713	0	0.0	643	0.0	12.5	87.5	15.6
2022-01-01	2183	41	0	0	37	0	37994	713	0	0.0	643	0.0	0.0	87.5	15.6
2022-01-02	2183	41	0	0	29	0	37994	713	0	0.0	504	0.0	0.0	75.0	-27.5
2022-01-03	2196	41	13	0	41	0	38221	713	226	0.0	713	0.0	0.0	62.5	36.7
2022-01-04	2203	41	7	0	44	0	38343	713	121	0.0	765	0.0	0.0	75.0	51.7
2022-01-05	2216	41	13	0	51	0	38569	713	226	0.0	887	0.0	0.0	62.5	121.7
2022-01-06	2236	41	20	0	53	0	38917	713	348	0.0	922	0.0	0.0	50.0	43.2
2022-01-07	2251	41	15	0	68	0	39178	713	261	0.0	1183	0.0	0.0	50.0	83.8
2022-01-08	2251	41	0	0	68	0	39178	713	0	0.0	1183	0.0	0.0	50.0	83.8
2022-01-09	2251	41	0	0	68	0	39178	713	0	0.0	1183	0.0	0.0	87.5	134.5
2022-01-10	2255	41	4	0	59	0	39248	713	69	0.0	1026	0.0	0.0	87.5	43.9
2022-01-11	2265	41	10	0	62	0	39422	713	174	0.0	1079	0.0	0.0	87.5	40.9
2022-01-12	2289	41	24	0	73	0	39839	713	417	0.0	1270	0.0	0.0	100.0	43.1
2022-01-13	2313	41	24	0	77	0	40257	713	417	0.0	1340	0.0	0.0	87.5	45.3
2022-01-14	2335	41	22	0	84	0	40640	713	382	0.0	1462	0.0	0.0	100.0	23.5
2022-01-15	2335	41	0	0	84	0	40640	713	0	0.0	1462	0.0	0.0	100.0	23.5
2022-01-16	2359	41	24	0	108	0	41058	713	417	0.0	1879	0.0	0.0	87.5	58.8
2022-01-17	2389	41	30	0	134	0	41580	713	522	0.0	2332	0.0	0.0	100.0	127.1
2022-01-18	2412	41	23	0	147	0	41980	713	400	0.0	2558	0.0	0.0	87.5	137.1
2022-01-19	2439	41	27	0	150	0	42450	713	469	0.0	2610	0.0	0.0	100.0	105.5
2022-01-20	2478	41	39	0	165	0	43129	713	678	0.0	2871	0.0	0.0	100.0	114.3
2022-01-21	2524	41	46	0	189	0	43930	713	800	0.0	3289	0.0	0.0	100.0	125.0
2022-01-22	2525	41	1	0	190	0	43947	713	17	0.0	3306	0.0	0.0	87.5	126.2
2022-01-23	2559	41	34	0	200	0	44539	713	591	0.0	3480	0.0	0.0	100.0	85.2
2022-01-24	2591	41	32	0	202	0	45096	713	556	0.0	3515	0.0	0.0	100.0	50.7
2022-01-25	2609	41	18	0	197	0	45409	713	313	0.0	3428	0.0	0.0	100.0	34.0
2022-01-26	2648	41	39	0	209	0	46088	713	678	0.0	3637	0.0	0.0	100.0	39.3
2022-01-27	2699	42	51	1	221	1	46975	731	887	17.405	3846	17.4	0.0	100.0	33.9
2022-01-28	2771	42	72	0	247	1	48229	731	1253	0.0	4299	17.4	0.0	100.0	30.7
2022-01-29	2772	42	1	0	247	1	48246	731	17	0.0	4299	17.4	0.0	100.0	30.0
2022-01-30	2807	42	35	0	248	1	48855	731	609	0.0	4316	17.4	12.5	100.0	24.0
2022-01-31	2843	42	36	0	252	1	49482	731	626	0.0	4386	17.4	0.0	87.5	24.8
2022-02-01	2878	43	35	1	269	2	50091	748	609	17.405	4681	34.81	0.0	100.0	36.5
2022-02-02	2911	43	33	0	263	2	50665	748	574	0.0	4577	34.81	0.0	87.5	25.8
2022-02-03	2943	43	32	0	244	1	51222	748	556	0.0	4246	17.4	0.0	100.0	10.4
2022-02-04	3037	43	94	0	266	1	52858	748	1636	0.0	4629	17.4	0.0	100.0	7.7
2022-02-05	3037	43	0	0	265	1	52858	748	0	0.0	4612	17.4	0.0	87.5	7.3
2022-02-06	3076	43	39	0	269	1	53537	748	678	0.0	4681	17.4	0.0	100.0	8.5
2022-02-07	3193	43	117	0	350	1	55573	748	2036	0.0	6091	17.4	0.0	100.0	38.9
2022-02-08	3312	43	119	0	434	0	57645	748	2071	0.0	7553	0.0	0.0	100.0	61.3
2022-02-09	3379	44	67	1	468	1	58811	765	1166	17.405	8145	17.4	12.5	100.0	77.9
2022-02-10	3464	44	85	0	521	1	60290	765	1479	0.0	9067	17.4	12.5	100.0	113.5
2022-02-11	3510	44	46	0	473	1	61091	765	800	0.0	8232	17.4	12.5	87.5	77.8
2022-02-12	3510	44	0	0	473	1	61091	765	0	0.0	8232	17.4	12.5	87.5	78.5
2022-02-13	3536	44	26	0	460	1	61543	765	452	0.0	8006	17.4	25.0	100.0	71.0
2022-02-14	3594	44	58	0	401	1	62553	765	1009	0.0	6979	17.4	25.0	100.0	14.6
2022-02-15	3618	44	24	0	306	1	62971	765	417	0.0	5325	17.4	12.5	100.0	-29.5
2022-02-16	3659	44	41	0	280	0	63684	765	713	0.0	4873	0.0	12.5	100.0	-40.2
2022-02-17	3690	44	31	0	226	0	64224	765	539	0.0	3933	0.0	0.0	87.5	-56.6
2022-02-18	3731	44	41	0	221	0	64937	765	713	0.0	3846	0.0	0.0	100.0	-53.3
2022-02-19	3731	44	0	0	221	0	64937	765	0	0.0	3846	0.0	0.0	100.0	-53.3
2022-02-20	3755	45	24	1	219	1	65355	783	417	17.405	3811	17.4	0.0	87.5	-52.4
2022-02-21	3792	45	37	0	198	1	65999	783	643	0.0	3446	17.4	0.0	87.5	-50.6
2022-02-22	3845	45	53	0	227	1	66921	783	922	0.0	3950	17.4	0.0	100.0	-25.8
2022-02-23	3905	47	60	2	246	3	67966	818	1044	34.81	4281	52.21	0.0	87.5	-12.1
2022-02-24	3997	47	92	0	307	3	69567	818	1601	0.0	5343	52.21	0.0	87.5	35.8
2022-02-25	4100	47	103	0	369	3	71360	818	1792	0.0	6422	52.21	0.0	75.0	67.0
2022-02-26	4100	47	0	0	369	3	71360	818	0	0.0	6422	52.21	0.0	75.0	67.0
2022-02-27	4160	47	60	0	405	2	72404	818	1044	0.0	7048	34.81	0.0	100.0	84.9
2022-02-28	4208	48	48	1	416	3	73239	835	835	17.405	7240	52.21	0.0	100.0	110.1
2022-03-01	4375	48	167	0	530	3	76146	835	2906	0.0	9224	52.21	0.0	87.5	133.5
2022-03-02	4577	48	202	0	672	1	79662	835	3515	0.0	11696	17.4	0.0	100.0	173.2
2022-03-03	4732	48	155	0	735	1	82360	835	2697	0.0	12792	17.4	0.0	100.0	139.4
2022-03-04	4922	48	190	0	822	1	85667	835	3306	0.0	14306	17.4	0.0	100.0	122.8
2022-03-05	4922	48	0	0	822	1	85667	835	0	0.0	14306	17.4	12.5	100.0	122.8
2022-03-06	5056	48	134	0	896	1	87999	835	2332	0.0	15594	17.4	12.5	87.5	121.2
2022-03-07	5286	48	230	0	1078	0	92002	835	4003	0.0	18762	0.0	0.0	87.5	159.1
2022-03-08	5429	48	143	0	1054	0	94491	835	2488	0.0	18344	0.0	12.5	87.5	98.9
2022-03-09	5573	49	144	1	996	1	96997	852	2506	17.405	17335	17.4	12.5	100.0	48.2
2022-03-10	5734	49	161	0	1002	1	99799	852	2802	0.0	17439	17.4	0.0	75.0	36.3
2022-03-11	5833	49	99	0	911	1	101522	852	1723	0.0	15855	17.4	0.0	100.0	10.8
2022-03-12	5833	49	0	0	911	1	101522	852	0	0.0	15855	17.4	0.0	87.5	10.8
2022-03-13	5833	49	0	0	777	1	101522	852	0	0.0	13523	17.4	0.0	75.0	-13.3
2022-03-14	5932	50	99	1	646	2	103246	870	1723	17.405	11243	34.81	0.0	87.5	-40.1
2022-03-15	6050	50	118	0	621	2	105299	870	2053	0.0	10808	34.81	0.0	100.0	-41.1
2022-03-16	6143	50	93	0	570	1	106918	870	1618	0.0	9920	17.4	0.0	75.0	-42.8
2022-03-17	6238	50	95	0	504	1	108571	870	1653	0.0	8772	17.4	0.0	62.5	-49.7
2022-03-18	6331	50	93	0	498	1	110190	870	1618	0.0	8667	17.4	0.0	75.0	-45.3
2022-03-19	6331	50	0	0	498	1	110190	870	0	0.0	8667	17.4	0.0	87.5	-45.3
2022-03-20	6331	50	0	0	498	1	110190	870	0	0.0	8667	17.4	12.5	87.5	-35.9
2022-03-21	6618	50	287	0	686	0	115185	870	4995	0.0	11939	0.0	12.5	100.0	6.2
2022-03-22	6933	50	315	0	883	0	120668	870	5482	0.0	15368	0.0	12.5	100.0	42.2
2022-03-23	7293	50	360	0	1150	0	126934	870	6265	0.0	20015	0.0	25.0	100.0	101.8
2022-03-24	7569	50	276	0	1331	0	131737	870	4803	0.0	23165	0.0	25.0	100.0	164.1
2022-03-25	7861	50	292	0	1530	0	136820	870	5082	0.0	26629	0.0	12.5	87.5	207.2
2022-03-26	7861	50	0	0	1530	0	136820	870	0	0.0	26629	0.0	0.0	62.5	207.2
2022-03-27	7861	50	0	0	1530	0	136820	870	0	0.0	26629	0.0	0.0	62.5	207.2
2022-03-28	8301	53	440	3	1683	3	144478	922	7658	52.215	29292	52.21	0.0	87.5	145.3
2022-03-29	8886	53	585	0	1953	3	154660	922	10181	0.0	33991	52.21	12.5	100.0	121.2
2022-03-30	9481	53	595	0	2188	3	165016	922	10355	0.0	38081	52.21	12.5	100.0	90.3
2022-03-31	9906	54	425	1	2337	4	172413	939	7397	17.405	40675	69.62	37.5	75.0	75.6
2022-04-01	10207	54	301	0	2346	4	177652	939	5238	0.0	40831	69.62	37.5	75.0	53.3
2022-04-02	10207	54	0	0	2346	4	177652	939	0	0.0	40831	69.62	37.5	62.5	53.3
2022-04-03	10207	54	0	0	2346	4	177652	939	0	0.0	40831	69.62	37.5	62.5	53.3
2022-04-04	10692	54	485	0	2391	1	186093	939	8441	0.0	41615	17.4	50.0	100.0	42.1
2022-04-05	11175	56	483	2	2289	3	194500	974	8406	34.81	39839	52.21	25.0	100.0	17.2
2022-04-06	11357	57	182	1	1876	4	197667	992	3167	17.405	32651	69.62	25.0	87.5	-14.3
2022-04-07	11718	58	361	1	1812	4	203950	1009	6283	17.405	31537	69.62	12.5	87.5	-22.5
2022-04-08	11918	58	200	0	1711	4	207431	1009	3480	0.0	29779	69.62	25.0	87.5	-27.1
2022-04-09	11918	58	0	0	1711	4	207431	1009	0	0.0	29779	69.62	12.5	87.5	-27.1
2022-04-10	11918	58	0	0	1711	4	207431	1009	0	0.0	29779	69.62	12.5	75.0	-27.1
2022-04-11	12134	58	216	0	1442	4	211191	1009	3759	0.0	25097	69.62	12.5	75.0	-39.7
2022-04-12	12373	58	239	0	1198	2	215351	1009	4159	0.0	20851	34.81	0.0	100.0	-47.7
2022-04-13	12692	58	319	0	1335	1	220903	1009	5552	0.0	23235	17.4	0.0	87.5	-28.8
2022-04-14	12866	58	174	0	1148	0	223931	1009	3028	0.0	19980	0.0	0.0	100.0	-36.6
2022-04-15	12866	58	0	0	948	0	223931	1009	0	0.0	16499	0.0	0.0	100.0	-44.6
2022-04-16	12866	58	0	0	948	0	223931	1009	0	0.0	16499	0.0	0.0	100.0	-44.6
2022-04-17	12866	58	0	0	948	0	223931	1009	0	0.0	16499	0.0	0.0	100.0	-44.6
2022-04-18	12866	58	0	0	732	0	223931	1009	0	0.0	12740	0.0	12.5	100.0	-49.2
2022-04-19	13127	59	261	1	754	1	228474	1026	4542	17.405	13123	17.4	12.5	100.0	-37.1
2022-04-20	13432	59	305	0	740	1	233782	1026	5308	0.0	12879	17.4	12.5	100.0	-44.6
2022-04-21	13733	60	301	1	867	2	239021	1044	5238	17.405	15090	34.81	12.5	100.0	-24.5
2022-04-22	14038	60	305	0	1172	2	244330	1044	5308	0.0	20398	34.81	25.0	100.0	23.6
2022-04-23	14038	60	0	0	1172	2	244330	1044	0	0.0	20398	34.81	25.0	87.5	23.6
2022-04-24	14038	60	0	0	1172	2	244330	1044	0	0.0	20398	34.81	25.0	100.0	23.6
2022-04-25	14531	61	493	1	1665	3	252910	1061	8580	17.405	28979	52.21	12.5	100.0	127.5
2022-04-26	14803	62	272	1	1676	3	257645	1079	4734	17.405	29170	52.21	12.5	87.5	122.3
2022-04-27	14969	62	166	0	1537	3	260534	1079	2889	0.0	26751	52.21	0.0	100.0	107.7
2022-04-28	15113	62	144	0	1380	2	263040	1079	2506	0.0	24018	34.81	0.0	100.0	59.2
2022-04-29	15190	62	77	0	1152	2	264380	1079	1340	0.0	20050	34.81	0.0	75.0	-1.7
2022-04-30	15190	62	0	0	1152	2	264380	1079	0	0.0	20050	34.81	0.0	75.0	-1.7
2022-05-01	15190	62	0	0	1152	2	264380	1079	0	0.0	20050	34.81	0.0	75.0	-1.7
2022-05-02	15411	62	221	0	880	1	268227	1079	3846	0.0	15316	17.4	0.0	100.0	-47.1
2022-05-03	15497	62	86	0	694	0	269724	1079	1496	0.0	12079	0.0	0.0	75.0	-58.6
2022-05-04	15598	62	101	0	629	0	271482	1079	1757	0.0	10947	0.0	0.0	75.0	-59.1
2022-05-05	15706	62	108	0	593	0	273361	1079	1879	0.0	10321	0.0	0.0	87.5	-57.0
2022-05-06	15803	62	97	0	613	0	275050	1079	1688	0.0	10669	0.0	0.0	87.5	-46.8
2022-05-07	15803	62	0	0	613	0	275050	1079	0	0.0	10669	0.0	0.0	75.0	-46.8
2022-05-08	15803	62	0	0	613	0	275050	1079	0	0.0	10669	0.0	0.0	75.0	-46.8
2022-05-09	15927	62	124	0	516	0	277208	1079	2158	0.0	8980	0.0	0.0	87.5	-41.4
2022-05-10	16013	62	86	0	516	0	278705	1079	1496	0.0	8980	0.0	0.0	100.0	-25.6
2022-05-11	16131	62	118	0	533	0	280758	1079	2053	0.0	9276	0.0	0.0	75.0	-15.3
2022-05-12	16190	62	59	0	484	0	281785	1079	1026	0.0	8423	0.0	0.0	87.5	-18.4
2022-05-13	16228	62	38	0	425	0	282447	1079	661	0.0	7397	0.0	0.0	87.5	-30.7
2022-05-14	16228	62	0	0	425	0	282447	1079	0	0.0	7397	0.0	0.0	100.0	-30.7
2022-05-15	16230	62	2	0	427	0	282481	1079	34	0.0	7431	0.0	0.0	87.5	-30.3
2022-05-16	16338	62	108	0	411	0	284361	1079	1879	0.0	7153	0.0	0.0	87.5	-20.3
2022-05-17	16388	62	50	0	375	0	285231	1079	870	0.0	6526	0.0	0.0	87.5	-27.3
2022-05-18	16461	62	73	0	330	0	286502	1079	1270	0.0	5743	0.0	0.0	100.0	-38.1
2022-05-19	16501	62	40	0	311	0	287198	1079	696	0.0	5412	0.0	0.0	100.0	-35.7
2022-05-20	16521	62	20	0	293	0	287546	1079	348	0.0	5099	0.0	0.0	87.5	-31.1
2022-05-21	16521	62	0	0	293	0	287546	1079	0	0.0	5099	0.0	0.0	87.5	-31.1
2022-05-22	16521	62	0	0	291	0	287546	1079	0	0.0	5064	0.0	0.0	62.5	-31.9
2022-05-23	16588	62	67	0	250	0	288712	1079	1166	0.0	4351	0.0	0.0	62.5	-39.2
2022-05-24	16612	63	24	1	224	1	289130	1096	417	17.405	3898	17.4	0.0	87.5	-40.3
2022-05-25	16653	63	41	0	192	1	289844	1096	713	0.0	3341	17.4	0.0	87.5	-41.8
2022-05-26	16653	63	0	0	152	1	289844	1096	0	0.0	2645	17.4	0.0	87.5	-51.1
2022-05-27	16683	63	30	0	162	1	290366	1096	522	0.0	2819	17.4	0.0	87.5	-44.7
2022-05-28	16683	63	0	0	162	1	290366	1096	0	0.0	2819	17.4	0.0	100.0	-44.7
2022-05-29	16683	63	0	0	162	1	290366	1096	0	0.0	2819	17.4	0.0	100.0	-44.3
2022-05-30	16737	63	54	0	149	1	291306	1096	939	0.0	2593	17.4	0.0	100.0	-40.4
2022-05-31	16781	64	44	1	169	1	292072	1113	765	17.405	2941	17.4	0.0	100.0	-24.6
2022-06-01	16820	64	39	0	167	1	292750	1113	678	0.0	2906	17.4	12.5	100.0	-13.0
2022-06-02	16859	64	39	0	206	1	293429	1113	678	0.0	3585	17.4	0.0	100.0	35.5
2022-06-03	16888	64	29	0	205	1	293934	1113	504	0.0	3568	17.4	12.5	100.0	26.5
2022-06-04	16888	64	0	0	205	1	293934	1113	0	0.0	3568	17.4	12.5	100.0	26.5
2022-06-05	16888	64	0	0	205	1	293934	1113	0	0.0	3568	17.4	0.0	87.5	26.5
2022-06-06	16888	64	0	0	151	1	293934	1113	0	0.0	2628	17.4	0.0	87.5	1.3
2022-06-07	17013	64	125	0	232	0	296109	1113	2175	0.0	4037	0.0	0.0	87.5	37.3
2022-06-08	17064	64	51	0	244	0	296997	1113	887	0.0	4246	0.0	0.0	100.0	46.1
2022-06-09	17148	64	84	0	289	0	298459	1113	1462	0.0	5030	0.0	0.0	100.0	40.3
2022-06-10	17179	64	31	0	291	0	298999	1113	539	0.0	5064	0.0	12.5	100.0	42.0
2022-06-11	17179	64	0	0	291	0	298999	1113	0	0.0	5064	0.0	12.5	100.0	42.0
2022-06-12	17179	64	0	0	291	0	298999	1113	0	0.0	5064	0.0	12.5	100.0	42.0
2022-06-13	17294	64	115	0	406	0	301000	1113	2001	0.0	7066	0.0	12.5	87.5	168.9
2022-06-14	17332	64	38	0	319	0	301662	1113	661	0.0	5552	0.0	12.5	87.5	37.5
2022-06-15	17430	64	98	0	366	0	303367	1113	1705	0.0	6370	0.0	12.5	75.0	50.0
2022-06-16	17491	64	61	0	343	0	304429	1113	1061	0.0	5969	0.0	12.5	62.5	18.7
2022-06-17	17538	64	47	0	359	0	305247	1113	818	0.0	6248	0.0	12.5	87.5	23.4
2022-06-18	17538	64	0	0	359	0	305247	1113	0	0.0	6248	0.0	12.5	100.0	23.4
2022-06-19	17538	64	0	0	359	0	305247	1113	0	0.0	6248	0.0	12.5	100.0	23.4
2022-06-20	17682	64	144	0	388	0	307753	1113	2506	0.0	6753	0.0	12.5	100.0	-4.4
2022-06-21	17728	64	46	0	396	0	308554	1113	800	0.0	6892	0.0	12.5	100.0	24.1
2022-06-22	17839	64	111	0	409	0	310486	1113	1931	0.0	7118	0.0	12.5	87.5	11.7
2022-06-23	17879	64	40	0	388	0	311182	1113	696	0.0	6753	0.0	12.5	75.0	13.1
2022-06-24	17930	64	51	0	392	0	312070	1113	887	0.0	6822	0.0	12.5	75.0	9.2
2022-06-25	17931	64	1	0	393	0	312087	1113	17	0.0	6840	0.0	12.5	75.0	9.5
2022-06-26	17931	64	0	0	393	0	312087	1113	0	0.0	6840	0.0	12.5	75.0	9.5
2022-06-27	18132	65	201	1	450	1	315586	1131	3498	17.405	7832	17.4	12.5	75.0	16.0
2022-06-28	18215	65	83	0	487	1	317030	1131	1444	0.0	8476	17.4	12.5	75.0	23.0
2022-06-29	18334	65	119	0	495	1	319101	1131	2071	0.0	8615	17.4	0.0	87.5	21.0
2022-06-30	18426	65	92	0	547	1	320703	1131	1601	0.0	9520	17.4	0.0	87.5	41.0
2022-07-01	18488	65	62	0	558	1	321782	1131	1079	0.0	9711	17.4	0.0	87.5	42.3
2022-07-02	18489	65	1	0	558	1	321799	1131	17	0.0	9711	17.4	0.0	62.5	42.0
2022-07-03	18490	65	1	0	559	1	321817	1131	17	0.0	9729	17.4	0.0	87.5	42.2
2022-07-04	18694	65	204	0	562	0	325367	1131	3550	0.0	9781	0.0	0.0	100.0	24.9
2022-07-05	18803	65	109	0	588	0	327264	1131	1897	0.0	10234	0.0	0.0	100.0	20.7
2022-07-06	18934	65	131	0	600	0	329544	1131	2280	0.0	10442	0.0	0.0	87.5	21.2
2022-07-07	19027	65	93	0	601	0	331163	1131	1618	0.0	10460	0.0	0.0	100.0	9.9
2022-07-08	19132	65	105	0	644	0	332991	1131	1827	0.0	11208	0.0	0.0	87.5	15.4
2022-07-09	19132	65	0	0	643	0	332991	1131	0	0.0	11191	0.0	0.0	100.0	15.2
2022-07-10	19133	65	1	0	643	0	333008	1131	17	0.0	11191	0.0	0.0	87.5	15.0
2022-07-11	19390	65	257	0	696	0	337481	1131	4473	0.0	12113	0.0	12.5	87.5	23.8
2022-07-12	19417	65	27	0	614	0	337951	1131	469	0.0	10686	0.0	12.5	50.0	4.4
2022-07-13	19583	65	166	0	649	0	340840	1131	2889	0.0	11295	0.0	0.0	62.5	8.2
2022-07-14	19851	65	268	0	824	0	345505	1131	4664	0.0	14341	0.0	0.0	87.5	37.1
2022-07-15	20078	66	227	1	946	1	349456	1148	3950	17.405	16465	17.4	0.0	100.0	46.9
2022-07-16	20080	66	2	0	948	1	349490	1148	34	0.0	16499	17.4	0.0	100.0	47.4
2022-07-17	20083	66	3	0	950	1	349543	1148	52	0.0	16534	17.4	0.0	100.0	47.7
2022-07-18	20777	67	694	1	1387	2	361622	1166	12079	17.405	24140	34.81	0.0	100.0	99.3
2022-07-19	20983	67	206	0	1566	2	365207	1166	3585	0.0	27256	34.81	0.0	100.0	155.0
2022-07-20	21271	69	288	2	1688	4	370220	1200	5012	34.81	29379	69.62	0.0	87.5	160.1
2022-07-21	21502	69	231	0	1651	4	374240	1200	4020	0.0	28735	69.62	12.5	100.0	100.4
2022-07-22	21651	69	149	0	1573	3	376834	1200	2593	0.0	27377	52.21	12.5	100.0	66.3
2022-07-23	21651	69	0	0	1571	3	376834	1200	0	0.0	27343	52.21	12.5	100.0	65.7
2022-07-24	21651	69	0	0	1568	3	376834	1200	0	0.0	27290	52.21	12.5	100.0	65.1
2022-07-25	22091	69	440	0	1314	2	384492	1200	7658	0.0	22870	34.81	12.5	100.0	-5.3
2022-07-26	22174	69	83	0	1191	2	385936	1200	1444	0.0	20729	34.81	12.5	100.0	-23.9
2022-07-27	22343	70	169	1	1072	1	388878	1218	2941	17.405	18658	17.4	12.5	100.0	-36.5
2022-07-28	22468	70	125	0	966	1	391053	1218	2175	0.0	16813	17.4	12.5	87.5	-41.5
2022-07-29	22504	70	36	0	853	1	391680	1218	626	0.0	14846	17.4	25.0	87.5	-45.8
2022-07-30	22504	70	0	0	853	1	391680	1218	0	0.0	14846	17.4	0.0	87.5	-45.7
2022-07-31	22504	70	0	0	853	1	391680	1218	0	0.0	14846	17.4	0.0	87.5	-45.6
2022-08-01	22681	70	177	0	590	1	394761	1218	3080	0.0	10268	17.4	12.5	75.0	-55.1
2022-08-02	22739	70	58	0	565	1	395770	1218	1009	0.0	9833	17.4	12.5	87.5	-52.6
2022-08-03	22804	72	65	2	461	2	396901	1253	1131	34.81	8023	34.81	12.5	75.0	-57.0
2022-08-04	22867	72	63	0	399	2	397998	1253	1096	0.0	6944	34.81	12.5	62.5	-58.7
2022-08-05	22898	72	31	0	394	2	398537	1253	539	0.0	6857	34.81	12.5	75.0	-53.8
2022-08-06	22898	72	0	0	394	2	398537	1253	0	0.0	6857	34.81	12.5	75.0	-53.8
2022-08-07	22898	72	0	0	394	2	398537	1253	0	0.0	6857	34.81	12.5	75.0	-53.8
2022-08-08	22971	72	73	0	290	2	399808	1253	1270	0.0	5047	34.81	12.5	87.5	-50.8
2022-08-09	23018	72	47	0	279	2	400626	1253	818	0.0	4855	34.81	12.5	75.0	-50.6
2022-08-10	23053	72	35	0	249	0	401235	1253	609	0.0	4333	0.0	12.5	75.0	-46.0
2022-08-11	23080	72	27	0	213	0	401705	1253	469	0.0	3707	0.0	12.5	100.0	-46.6
2022-08-12	23102	72	22	0	204	0	402088	1253	382	0.0	3550	0.0	12.5	100.0	-48.2
2022-08-13	23102	72	0	0	204	0	402088	1253	0	0.0	3550	0.0	12.5	87.5	-48.2
2022-08-14	23102	72	0	0	204	0	402088	1253	0	0.0	3550	0.0	0.0	75.0	-48.2
2022-08-15	23158	73	56	1	187	1	403063	1270	974	17.405	3254	17.4	0.0	87.5	-35.5
2022-08-16	23192	73	34	0	174	1	403655	1270	591	0.0	3028	17.4	0.0	75.0	-37.6
2022-08-17	23226	73	34	0	173	1	404246	1270	591	0.0	3011	17.4	0.0	100.0	-30.5
2022-08-18	23250	73	24	0	170	1	404664	1270	417	0.0	2958	17.4	12.5	87.5	-20.2
2022-08-19	23269	73	19	0	167	1	404995	1270	330	0.0	2906	17.4	0.0	100.0	-18.1
2022-08-20	23270	73	1	0	168	1	405012	1270	17	0.0	2924	17.4	0.0	100.0	-17.6
2022-08-21	23270	73	0	0	168	1	405012	1270	0	0.0	2924	17.4	0.0	100.0	-17.6
2022-08-22	23319	73	49	0	161	0	405865	1270	852	0.0	2802	0.0	0.0	100.0	-13.9
2022-08-23	23357	73	38	0	165	0	406526	1270	661	0.0	2871	0.0	0.0	75.0	-5.2
2022-08-24	23388	73	31	0	162	0	407066	1270	539	0.0	2819	0.0	0.0	87.5	-6.4
2022-08-25	23416	73	28	0	166	0	407553	1270	487	0.0	2889	0.0	0.0	87.5	-2.4
2022-08-26	23423	73	7	0	154	0	407675	1270	121	0.0	2680	0.0	0.0	75.0	-7.8
2022-08-27	23423	73	0	0	153	0	407675	1270	0	0.0	2662	0.0	0.0	62.5	-8.9
2022-08-28	23423	73	0	0	153	0	407675	1270	0	0.0	2662	0.0	0.0	87.5	-8.9
2022-08-29	23483	74	60	1	164	1	408719	1287	1044	17.405	2854	17.4	0.0	100.0	1.9
2022-08-30	23504	74	21	0	147	1	409085	1287	365	0.0	2558	17.4	0.0	62.5	-10.9
2022-08-31	23537	74	33	0	149	1	409659	1287	574	0.0	2593	17.4	0.0	50.0	-8.0
2022-09-01	23554	74	17	0	138	1	409955	1287	295	0.0	2401	17.4	0.0	62.5	-16.9
2022-09-02	23560	74	6	0	137	1	410060	1287	104	0.0	2384	17.4	0.0	75.0	-11.0
2022-09-03	23560	74	0	0	137	1	410060	1287	0	0.0	2384	17.4	0.0	75.0	-10.5
2022-09-04	23560	74	0	0	137	1	410060	1287	0	0.0	2384	17.4	0.0	75.0	-10.5
2022-09-05	23623	74	63	0	140	0	411156	1287	1096	0.0	2436	0.0	0.0	100.0	-14.6
2022-09-06	23655	74	32	0	151	0	411713	1287	556	0.0	2628	0.0	0.0	75.0	2.7
2022-09-07	23674	74	19	0	137	0	412044	1287	330	0.0	2384	0.0	0.0	100.0	-8.1
2022-09-08	23698	74	24	0	144	0	412461	1287	417	0.0	2506	0.0	0.0	100.0	4.3
2022-09-09	23708	74	10	0	148	0	412635	1287	174	0.0	2575	0.0	0.0	100.0	8.0
2022-09-10	23708	74	0	0	148	0	412635	1287	0	0.0	2575	0.0	0.0	100.0	8.0
2022-09-11	23708	74	0	0	148	0	412635	1287	0	0.0	2575	0.0	0.0	87.5	8.0
2022-09-12	23757	75	49	1	134	1	413488	1305	852	17.405	2332	17.4	0.0	100.0	-4.3
2022-09-13	23780	75	23	0	125	1	413889	1305	400	0.0	2175	17.4	0.0	62.5	-17.2
2022-09-14	23820	75	40	0	146	1	414585	1305	696	0.0	2541	17.4	0.0	87.5	6.6
2022-09-15	23841	75	21	0	143	1	414950	1305	365	0.0	2488	17.4	0.0	100.0	-0.7
2022-09-16	23859	75	18	0	151	1	415264	1305	313	0.0	2628	17.4	0.0	100.0	2.0
2022-09-17	23859	75	0	0	151	1	415264	1305	0	0.0	2628	17.4	0.0	87.5	2.0
2022-09-18	23859	75	0	0	151	1	415264	1305	0	0.0	2628	17.4	0.0	87.5	2.0
2022-09-19	23902	75	43	0	145	0	416012	1305	748	0.0	2523	0.0	0.0	87.5	8.2
2022-09-20	23934	75	32	0	154	0	416569	1305	556	0.0	2680	0.0	0.0	100.0	23.2
2022-09-21	23961	75	27	0	141	0	417039	1305	469	0.0	2454	0.0	0.0	87.5	-3.4
2022-09-22	23984	75	23	0	143	0	417439	1305	400	0.0	2488	0.0	12.5	87.5	0.0
2022-09-23	24010	75	26	0	151	0	417892	1305	452	0.0	2628	0.0	12.5	62.5	0.0
2022-09-24	24011	75	1	0	152	0	417909	1305	17	0.0	2645	0.0	0.0	75.0	0.7
2022-09-25	24011	75	0	0	152	0	417909	1305	0	0.0	2645	0.0	12.5	100.0	0.7
2022-09-26	24059	75	48	0	157	0	418745	1305	835	0.0	2732	0.0	12.5	62.5	8.3
2022-09-27	24116	75	57	0	182	0	419737	1305	992	0.0	3167	0.0	12.5	75.0	18.2
2022-09-28	24142	75	26	0	181	0	420189	1305	452	0.0	3150	0.0	25.0	100.0	28.4
2022-09-29	24204	75	62	0	220	0	421268	1305	1079	0.0	3829	0.0	37.5	87.5	53.8
2022-09-30	24226	75	22	0	216	0	421651	1305	382	0.0	3759	0.0	37.5	87.5	43.0
2022-10-01	24226	75	0	0	215	0	421651	1305	0	0.0	3742	0.0	37.5	50.0	41.4
2022-10-02	24226	75	0	0	215	0	421651	1305	0	0.0	3742	0.0	37.5	50.0	41.4
2022-10-03	24226	75	0	0	167	0	421651	1305	0	0.0	2906	0.0	37.5	50.0	6.4
2022-10-04	24414	75	188	0	298	0	424923	1305	3272	0.0	5186	0.0	25.0	75.0	63.7
2022-10-05	24497	75	83	0	355	0	426368	1305	1444	0.0	6178	0.0	37.5	100.0	96.1
2022-10-06	24576	75	79	0	372	0	427743	1305	1374	0.0	6474	0.0	37.5	75.0	69.1
2022-10-07	24622	75	46	0	396	0	428544	1305	800	0.0	6892	0.0	25.0	62.5	83.3
2022-10-08	24623	75	1	0	397	0	428561	1305	17	0.0	6909	0.0	25.0	75.0	84.7
2022-10-09	24623	75	0	0	397	0	428561	1305	0	0.0	6909	0.0	12.5	100.0	84.7
2022-10-10	24797	75	174	0	571	0	431589	1305	3028	0.0	9938	0.0	12.5	100.0	241.9
2022-10-11	24878	75	81	0	464	0	432999	1305	1409	0.0	8075	0.0	12.5	100.0	55.7
2022-10-12	24960	75	82	0	463	0	434426	1305	1427	0.0	8058	0.0	12.5	75.0	30.4
2022-10-13	25027	75	67	0	451	0	435593	1305	1166	0.0	7849	0.0	12.5	100.0	21.2
2022-10-14	25058	75	31	0	436	0	436132	1305	539	0.0	7588	0.0	0.0	75.0	10.1
2022-10-15	25059	75	1	0	436	0	436150	1305	17	0.0	7588	0.0	0.0	75.0	9.8
2022-10-16	25059	75	0	0	436	0	436150	1305	0	0.0	7588	0.0	0.0	50.0	9.8
2022-10-17	25190	75	131	0	393	0	438430	1305	2280	0.0	6840	0.0	0.0	87.5	-31.2
2022-10-18	25231	75	41	0	353	0	439143	1305	713	0.0	6143	0.0	12.5	87.5	-23.9
2022-10-19	25330	76	99	1	370	1	440866	1322	1723	17.405	6439	17.4	25.0	87.5	-20.1
2022-10-20	25415	76	85	0	388	1	442346	1322	1479	0.0	6753	17.4	25.0	87.5	-14.0
2022-10-21	25455	76	40	0	397	1	443042	1322	696	0.0	6909	17.4	25.0	87.5	-8.9
2022-10-22	25455	76	0	0	396	1	443042	1322	0	0.0	6892	17.4	25.0	87.5	-9.2
2022-10-23	25455	76	0	0	396	1	443042	1322	0	0.0	6892	17.4	25.0	87.5	-9.2
2022-10-24	25595	76	140	0	405	1	445479	1322	2436	0.0	7048	17.4	12.5	75.0	3.1
2022-10-25	25622	76	27	0	391	1	445949	1322	469	0.0	6805	17.4	12.5	87.5	10.8
2022-10-26	25675	76	53	0	345	0	446871	1322	922	0.0	6004	0.0	12.5	75.0	-6.8
2022-10-27	25765	77	90	1	350	1	448437	1340	1566	17.405	6091	17.4	12.5	87.5	-9.8
2022-10-28	25801	77	36	0	346	1	449064	1340	626	0.0	6022	17.4	12.5	87.5	-12.8
2022-10-29	25802	77	1	0	347	1	449081	1340	17	0.0	6039	17.4	12.5	87.5	-12.4
2022-10-30	25802	77	0	0	347	1	449081	1340	0	0.0	6039	17.4	12.5	87.5	-12.4
2022-10-31	25802	77	0	0	207	1	449081	1340	0	0.0	3602	17.4	12.5	87.5	-48.9
2022-11-01	25910	78	108	1	288	2	450961	1357	1879	17.405	5012	34.81	0.0	100.0	-26.3
2022-11-02	25959	78	49	0	284	2	451814	1357	852	0.0	4942	34.81	0.0	100.0	-17.7
2022-11-03	26007	78	48	0	242	1	452649	1357	835	0.0	4211	17.4	0.0	100.0	-30.9
2022-11-04	26034	78	27	0	233	1	453119	1357	469	0.0	4055	17.4	0.0	87.5	-32.7
2022-11-05	26034	78	0	0	232	1	453119	1357	0	0.0	4037	17.4	0.0	100.0	-33.1
2022-11-06	26034	78	0	0	232	1	453119	1357	0	0.0	4037	17.4	0.0	100.0	-33.1
2022-11-07	26111	78	77	0	309	1	454460	1357	1340	0.0	5378	17.4	0.0	75.0	49.3
2022-11-08	26131	78	20	0	221	0	454808	1357	348	0.0	3846	0.0	12.5	100.0	-23.3
2022-11-09	26180	78	49	0	221	0	455660	1357	852	0.0	3846	0.0	0.0	87.5	-22.2
2022-11-10	26214	78	34	0	207	0	456252	1357	591	0.0	3602	0.0	0.0	87.5	-14.5
2022-11-11	26225	78	11	0	191	0	456444	1357	191	0.0	3324	0.0	0.0	87.5	-18.0
2022-11-12	26225	78	0	0	191	0	456444	1357	0	0.0	3324	0.0	0.0	87.5	-17.7
2022-11-13	26225	78	0	0	191	0	456444	1357	0	0.0	3324	0.0	0.0	87.5	-17.7
2022-11-14	26289	78	64	0	178	0	457558	1357	1113	0.0	3098	0.0	0.0	87.5	-42.4
2022-11-15	26321	78	32	0	190	0	458115	1357	556	0.0	3306	0.0	12.5	100.0	-14.0
2022-11-16	26370	78	49	0	190	0	458967	1357	852	0.0	3306	0.0	12.5	100.0	-14.0
2022-11-17	26403	78	33	0	189	0	459542	1357	574	0.0	3289	0.0	0.0	100.0	-8.7
2022-11-18	26418	78	15	0	193	0	459803	1357	261	0.0	3359	0.0	0.0	87.5	1.0
2022-11-19	26418	78	0	0	193	0	459803	1357	0	0.0	3359	0.0	0.0	87.5	1.0
2022-11-20	26418	78	0	0	193	0	459803	1357	0	0.0	3359	0.0	0.0	87.5	1.0
2022-11-21	26505	78	87	0	216	0	461317	1357	1514	0.0	3759	0.0	0.0	87.5	21.3
2022-11-22	26550	78	45	0	229	0	462100	1357	783	0.0	3985	0.0	0.0	87.5	20.5
2022-11-23	26573	78	23	0	203	0	462501	1357	400	0.0	3533	0.0	0.0	87.5	6.8
2022-11-24	26613	78	40	0	210	0	463197	1357	696	0.0	3655	0.0	0.0	87.5	11.1
2022-11-25	26615	78	2	0	197	0	463232	1357	34	0.0	3428	0.0	0.0	100.0	2.1
2022-11-26	26615	78	0	0	197	0	463232	1357	0	0.0	3428	0.0	0.0	100.0	2.1
2022-11-27	26615	78	0	0	197	0	463232	1357	0	0.0	3428	0.0	0.0	87.5	2.1
2022-11-28	26729	78	114	0	224	0	465216	1357	1984	0.0	3898	0.0	0.0	75.0	3.7
2022-11-29	26792	78	63	0	242	0	466312	1357	1096	0.0	4211	0.0	0.0	75.0	5.7
2022-11-30	26837	78	45	0	264	0	467095	1357	783	0.0	4594	0.0	0.0	75.0	30.0
2022-12-01	26875	78	38	0	262	0	467757	1357	661	0.0	4560	0.0	0.0	75.0	24.8
