Date	Cases	Deaths	Cases_New	Deaths_New	Cases_Last_Week	Deaths_Last_Week	Cases_Per_Million	Deaths_Per_Million	Cases_New_Per_Million	Deaths_New_Per_Million	Cases_Last_Week_Per_Million	Deaths_Last_Week_Per_Million	Cases_Doubling_Time	Deaths_Doubling_Time	Days_Since_2nd_Death
2020-01-22	0	0	0	0	0	0	0	0	0	0.0	0	0.0			
2020-01-23	0	0	0	0	0	0	0	0	0	0.0	0	0.0			
2020-01-24	0	0	0	0	0	0	0	0	0	0.0	0	0.0			
2020-01-25	0	0	0	0	0	0	0	0	0	0.0	0	0.0			
2020-01-26	0	0	0	0	0	0	0	0	0	0.0	0	0.0			
2020-01-27	0	0	0	0	0	0	0	0	0	0.0	0	0.0			
2020-01-28	0	0	0	0	0	0	0	0	0	0.0	0	0.0			
2020-01-29	0	0	0	0	0	0	0	0	0	0.0	0	0.0			
2020-01-30	0	0	0	0	0	0	0	0	0	0.0	0	0.0			
2020-01-31	0	0	0	0	0	0	0	0	0	0.0	0	0.0			
2020-02-01	0	0	0	0	0	0	0	0	0	0.0	0	0.0			
2020-02-02	0	0	0	0	0	0	0	0	0	0.0	0	0.0			
2020-02-03	0	0	0	0	0	0	0	0	0	0.0	0	0.0			
2020-02-04	0	0	0	0	0	0	0	0	0	0.0	0	0.0			
2020-02-05	0	0	0	0	0	0	0	0	0	0.0	0	0.0			
2020-02-06	0	0	0	0	0	0	0	0	0	0.0	0	0.0			
2020-02-07	0	0	0	0	0	0	0	0	0	0.0	0	0.0			
2020-02-08	0	0	0	0	0	0	0	0	0	0.0	0	0.0			
2020-02-09	0	0	0	0	0	0	0	0	0	0.0	0	0.0			
2020-02-10	0	0	0	0	0	0	0	0	0	0.0	0	0.0			
2020-02-11	0	0	0	0	0	0	0	0	0	0.0	0	0.0			
2020-02-12	0	0	0	0	0	0	0	0	0	0.0	0	0.0			
2020-02-13	0	0	0	0	0	0	0	0	0	0.0	0	0.0			
2020-02-14	0	0	0	0	0	0	0	0	0	0.0	0	0.0			
2020-02-15	0	0	0	0	0	0	0	0	0	0.0	0	0.0			
2020-02-16	0	0	0	0	0	0	0	0	0	0.0	0	0.0			
2020-02-17	0	0	0	0	0	0	0	0	0	0.0	0	0.0			
2020-02-18	0	0	0	0	0	0	0	0	0	0.0	0	0.0			
2020-02-19	0	0	0	0	0	0	0	0	0	0.0	0	0.0			
2020-02-20	0	0	0	0	0	0	0	0	0	0.0	0	0.0			
2020-02-21	0	0	0	0	0	0	0	0	0	0.0	0	0.0			
2020-02-22	0	0	0	0	0	0	0	0	0	0.0	0	0.0			
2020-02-23	0	0	0	0	0	0	0	0	0	0.0	0	0.0			
2020-02-24	0	0	0	0	0	0	0	0	0	0.0	0	0.0			
2020-02-25	0	0	0	0	0	0	0	0	0	0.0	0	0.0			
2020-02-26	0	0	0	0	0	0	0	0	0	0.0	0	0.0			
2020-02-27	0	0	0	0	0	0	0	0	0	0.0	0	0.0			
2020-02-28	0	0	0	0	0	0	0	0	0	0.0	0	0.0			
2020-02-29	0	0	0	0	0	0	0	0	0	0.0	0	0.0			
2020-03-01	0	0	0	0	0	0	0	0	0	0.0	0	0.0			
2020-03-02	0	0	0	0	0	0	0	0	0	0.0	0	0.0			
2020-03-03	0	0	0	0	0	0	0	0	0	0.0	0	0.0			
2020-03-04	0	0	0	0	0	0	0	0	0	0.0	0	0.0			
2020-03-05	0	0	0	0	0	0	0	0	0	0.0	0	0.0			
2020-03-06	0	0	0	0	0	0	0	0	0	0.0	0	0.0			
2020-03-07	0	0	0	0	0	0	0	0	0	0.0	0	0.0			
2020-03-08	0	0	0	0	0	0	0	0	0	0.0	0	0.0			
2020-03-09	0	0	0	0	0	0	0	0	0	0.0	0	0.0			
2020-03-10	0	0	0	0	0	0	0	0	0	0.0	0	0.0			
2020-03-11	2	0	2	0	2	0	0	0	0	0.0	0	0.0			
2020-03-12	2	0	0	0	2	0	0	0	0	0.0	0	0.0			
2020-03-13	3	0	1	0	3	0	0	0	0	0.0	0	0.0			
2020-03-14	10	0	7	0	10	0	0	0	0	0.0	0	0.0			
2020-03-15	10	0	0	0	10	0	0	0	0	0.0	0	0.0			
2020-03-16	11	0	1	0	11	0	0	0	0	0.0	0	0.0			
2020-03-17	11	0	0	0	11	0	0	0	0	0.0	0	0.0			
2020-03-18	12	0	1	0	10	0	1	0	0	0.0	0	0.0			
2020-03-19	12	0	0	0	10	0	1	0	0	0.0	0	0.0			
2020-03-20	15	0	3	0	12	0	1	0	0	0.0	1	0.0			
2020-03-21	19	0	4	0	9	0	1	0	0	0.0	0	0.0			
2020-03-22	24	0	5	0	14	0	2	0	0	0.0	1	0.0			
2020-03-23	27	0	3	0	16	0	2	0	0	0.0	1	0.0			
2020-03-24	29	0	2	0	18	0	2	0	0	0.0	1	0.0			
2020-03-25	32	0	3	0	20	0	2	0	0	0.0	1	0.0			
2020-03-26	43	0	11	0	31	0	3	0	0	0.0	2	0.0			
2020-03-27	61	0	18	0	46	0	5	0	1	0.0	4	0.0			
2020-03-28	74	0	13	0	55	0	6	0	1	0.0	4	0.0			
2020-03-29	81	1	7	1	57	1	7	0	0	0.088	5	0.09			
2020-03-30	97	4	16	3	70	4	8	0	1	0.264	6	0.35			0
2020-03-31	107	6	10	2	78	6	9	0	0	0.176	6	0.53			1
2020-04-01	115	7	8	1	83	7	10	0	0	0.088	7	0.62			2
2020-04-02	123	8	8	1	80	8	10	0	0	0.088	7	0.7			3
2020-04-03	132	9	9	1	71	9	11	0	0	0.088	6	0.79			4
2020-04-04	139	10	7	1	65	10	12	0	0	0.088	5	0.88			5
2020-04-05	157	10	18	0	76	9	13	0	1	0.0	6	0.79			6
2020-04-06	183	11	26	1	86	7	16	0	2	0.088	7	0.62			7
2020-04-07	194	14	11	3	87	8	17	1	0	0.264	7	0.7			8
2020-04-08	210	15	16	1	95	8	18	1	1	0.088	8	0.7			9
2020-04-09	264	18	54	3	141	10	23	1	4	0.264	12	0.88			10
2020-04-10	268	19	4	1	136	10	23	1	0	0.088	11	0.88			11
2020-04-11	275	20	7	1	136	10	24	1	0	0.088	11	0.88			12
2020-04-12	300	24	25	4	143	14	26	2	2	0.352	12	1.23			13
2020-04-13	330	27	30	3	147	16	29	2	2	0.264	12	1.41			14
2020-04-14	354	28	24	1	160	14	31	2	2	0.088	14	1.23			15
2020-04-15	397	28	43	0	187	13	34	2	3	0.0	16	1.15			16
2020-04-16	441	29	44	1	177	11	38	2	3	0.088	15	0.97			17
2020-04-17	465	31	24	2	197	12	40	2	2	0.176	17	1.06			18
2020-04-18	493	31	28	0	218	11	43	2	2	0.0	19	0.97			19
2020-04-19	520	32	27	1	220	8	45	2	2	0.088	19	0.7			20
2020-04-20	564	33	44	1	234	6	49	2	3	0.088	20	0.53			21
2020-04-21	598	34	34	1	244	6	52	2	2	0.088	21	0.53			22
2020-04-22	609	37	11	3	212	9	53	3	0	0.264	18	0.79			23
2020-04-23	703	43	94	6	262	14	61	3	8	0.528	23	1.23			24
2020-04-24	807	44	104	1	342	13	71	3	9	0.088	30	1.15			25
2020-04-25	866	46	59	2	373	15	76	4	5	0.176	32	1.32			26
2020-04-26	950	50	84	4	430	18	83	4	7	0.352	37	1.59			27
2020-04-27	1014	53	64	3	450	20	89	4	5	0.264	39	1.76			28
2020-04-28	1053	55	39	2	455	21	92	4	3	0.176	40	1.85			29
2020-04-29	1110	59	57	4	501	22	97	5	5	0.352	44	1.94			30
2020-04-30	1167	62	57	3	464	19	102	5	5	0.264	40	1.67			31
2020-05-01	1229	66	62	4	422	22	108	5	5	0.352	37	1.94			32
2020-05-02	1470	71	241	5	604	25	129	6	21	0.44	53	2.2			33
2020-05-03	1594	76	124	5	644	26	140	6	10	0.44	56	2.29			34
2020-05-04	1681	82	87	6	667	29	148	7	7	0.528	58	2.55			35
2020-05-05	1802	86	121	4	749	31	158	7	10	0.352	65	2.73			36
2020-05-06	1886	91	84	5	776	32	166	8	7	0.44	68	2.82			37
2020-05-07	2081	102	195	11	914	40	183	8	17	0.969	80	3.52			38
2020-05-08	2266	106	185	4	1037	40	199	9	16	0.352	91	3.52			39
2020-05-09	2437	114	171	8	967	43	214	10	15	0.705	85	3.79			40
2020-05-10	2556	118	119	4	962	42	225	10	10	0.352	84	3.7			41
2020-05-11	2831	122	275	4	1150	40	249	10	24	0.352	101	3.52			42
2020-05-12	2964	128	133	6	1162	42	261	11	11	0.528	102	3.7			43
2020-05-13	3148	142	184	14	1262	51	277	12	16	1.233	111	4.49			44
2020-05-14	3372	152	224	10	1291	50	297	13	19	0.881	113	4.4			45
2020-05-15	3577	164	205	12	1311	58	315	14	18	1.057	115	5.11			46
2020-05-16	3826	165	249	1	1389	51	336	14	21	0.088	122	4.49			47
2020-05-17	4088	169	262	4	1532	51	360	14	23	0.352	134	4.49			48
2020-05-18	4263	174	175	5	1432	52	375	15	15	0.44	126	4.58			49
2020-05-19	4481	189	218	15	1517	61	394	16	19	1.321	133	5.37			50
2020-05-20	4919	199	438	10	1771	57	433	17	38	0.881	155	5.02			51
2020-05-21	5187	215	268	16	1815	63	456	18	23	1.409	159	5.55			52
2020-05-22	5579	230	392	15	2002	66	491	20	34	1.321	176	5.81			53
2020-05-23	5915	240	336	10	2089	75	521	21	29	0.881	184	6.61			54
2020-05-24	6263	250	348	10	2175	81	551	22	30	0.881	191	7.13			55
2020-05-25	6660	261	397	11	2397	87	586	22	34	0.969	211	7.66			56
2020-05-26	7136	274	476	13	2655	85	628	24	41	1.145	233	7.49			57
2020-05-27	7768	280	632	6	2849	81	684	24	55	0.528	250	7.13			58
2020-05-28	8387	293	619	13	3200	78	738	25	54	1.145	281	6.87			59
2020-05-29	8731	300	344	7	3152	70	769	26	30	0.617	277	6.17			60
2020-05-30	9592	310	861	10	3677	70	844	27	75	0.881	323	6.17			61
2020-05-31	9982	313	390	3	3719	63	879	27	34	0.264	327	5.55			62
2020-06-01	10531	343	549	30	3871	82	927	30	48	2.642	340	7.22			63
2020-06-02	10991	376	460	33	3855	102	968	33	40	2.907	339	8.98			64
2020-06-03	11638	400	647	24	3870	120	1025	35	56	2.114	340	10.57			65
2020-06-04	12245	415	607	15	3858	122	1078	36	53	1.321	339	10.75			66
2020-06-05	12728	427	483	12	3997	127	1121	37	42	1.057	352	11.19			67
2020-06-06	13358	454	630	27	3766	144	1176	39	55	2.378	331	12.68			68
2020-06-07	13643	465	285	11	3661	152	1201	40	25	0.969	322	13.39			69
2020-06-08	13949	475	306	10	3418	132	1228	41	26	0.881	301	11.63			70
2020-06-09	14644	487	695	12	3653	111	1289	42	61	1.057	321	9.78			71
2020-06-10	15281	512	637	25	3643	112	1345	45	56	2.202	320	9.87			72
2020-06-11	16165	533	884	21	3920	118	1423	46	77	1.85	345	10.39			73
2020-06-12	16929	559	764	26	4201	132	1491	49	67	2.29	370	11.63			74
2020-06-13	17842	585	913	26	4484	131	1571	51	80	2.29	394	11.54			75
2020-06-14	18459	611	617	26	4816	146	1625	53	54	2.29	424	12.86			76
2020-06-15	19073	632	614	21	5124	157	1679	55	54	1.85	451	13.83			77
2020-06-16	19883	659	810	27	5239	172	1751	58	71	2.378	461	15.15			78
2020-06-17	20685	679	802	20	5404	167	1821	59	70	1.762	475	14.71			79
2020-06-18	21499	697	814	18	5334	164	1893	61	71	1.585	469	14.45			80
2020-06-19	22476	715	977	18	5547	156	1979	62	86	1.585	488	13.74			81
2020-06-20	23512	740	1036	25	5670	155	2070	65	91	2.202	499	13.65			82
2020-06-21	24388	773	876	33	5929	162	2148	68	77	2.907	522	14.27			83
2020-06-22	25493	820	1105	47	6420	188	2245	72	97	4.14	565	16.56			84
2020-06-23	26389	846	896	26	6506	187	2324	74	78	2.29	573	16.47			85
2020-06-24	27487	876	1098	30	6802	197	2421	77	96	2.642	599	17.35			86
2020-06-25	28503	913	1016	37	7004	216	2510	80	89	3.259	616	19.03			87
2020-06-26	29423	934	920	21	6947	219	2591	82	81	1.85	611	19.29			88
2020-06-27	30676	970	1253	36	7164	230	2701	85	110	3.171	631	20.26			89
2020-06-28	31524	1014	848	44	7136	241	2776	89	74	3.876	628	21.23			90
2020-06-29	32125	1071	601	57	6632	251	2829	94	52	5.021	584	22.11			91
2020-06-30	33219	1123	1094	52	6830	277	2925	98	96	4.58	601	24.4			92
2020-07-01	34227	1201	1008	78	6740	325	3014	105	88	6.87	593	28.63			93
2020-07-02	35528	1271	1301	70	7025	358	3129	111	114	6.166	618	31.53			94
2020-07-03	36818	1320	1290	49	7395	386	3242	116	113	4.316	651	34.0			95
2020-07-04	38071	1378	1253	58	7395	408	3353	121	110	5.109	651	35.94			96
2020-07-05	39297	1434	1226	56	7773	420	3461	126	107	4.933	684	36.99			97
2020-07-06	40509	1476	1212	42	8384	405	3568	130	106	3.699	738	35.67			98
2020-07-07	41545	1530	1036	54	8326	407	3659	134	91	4.756	733	35.85			99
2020-07-08	42984	1577	1439	47	8757	376	3786	138	126	4.14	771	33.12			100
2020-07-09	44113	1638	1129	61	8585	367	3885	144	99	5.373	756	32.33			101
2020-07-10	45565	1702	1452	64	8747	382	4013	149	127	5.637	770	33.65			102
2020-07-11	47200	1754	1635	52	9129	376	4157	154	144	4.58	804	33.12			103
2020-07-12	48187	1807	987	53	8890	373	4244	159	86	4.668	783	32.85			104
2020-07-13	49250	1866	1063	59	8741	390	4338	164	93	5.197	769	34.35			105
2020-07-14	50867	1898	1617	32	9322	368	4480	167	142	2.819	821	32.41			106
2020-07-15	52218	1942	1351	44	9234	365	4599	171	118	3.876	813	32.15			107
2020-07-16	54156	1984	1938	42	10043	346	4770	174	170	3.699	884	30.48			108
2020-07-17	56102	2049	1946	65	10537	347	4941	180	171	5.725	928	30.56			109
2020-07-18	58138	2106	2036	57	10938	352	5120	185	179	5.021	963	31.0			110
2020-07-19	59582	2151	1444	45	11395	344	5248	189	127	3.964	1003	30.3			111
2020-07-20	60991	2218	1409	67	11741	352	5372	195	124	5.901	1034	31.0			112
2020-07-21	62357	2273	1366	55	11490	375	5492	200	120	4.844	1012	33.03			113
2020-07-22	64135	2328	1778	55	11917	386	5649	205	156	4.844	1049	34.0			114
2020-07-23	65252	2407	1117	79	11096	423	5747	212	98	6.958	977	37.26			115
2020-07-24	66456	2473	1204	66	10354	424	5853	217	106	5.813	911	37.35			116
2020-07-25	68281	2535	1825	62	10143	429	6014	223	160	5.461	893	37.79			117
2020-07-26	69429	2583	1148	48	9847	432	6115	227	101	4.228	867	38.05			118
2020-07-27	71181	2647	1752	64	10190	429	6269	233	154	5.637	897	37.79			119
2020-07-28	72327	2720	1146	73	9970	447	6370	239	100	6.43	878	39.37			120
2020-07-29	73534	2808	1207	88	9399	480	6476	247	106	7.751	827	42.28			121
2020-07-30	75234	2894	1700	86	9982	487	6626	254	149	7.575	879	42.9			122
2020-07-31	76789	2977	1555	83	10333	504	6763	262	136	7.311	910	44.39			123
2020-08-01	78793	3064	2004	87	10512	529	6940	269	176	7.663	925	46.6			124
2020-08-02	80153	3153	1360	89	10724	570	7059	277	119	7.839	944	50.21			125
2020-08-03	81846	3228	1693	75	10665	581	7209	284	149	6.606	939	51.18			126
2020-08-04	83361	3320	1515	92	11034	600	7342	292	133	8.103	971	52.85			127
2020-08-05	85141	3385	1780	65	11607	577	7499	298	156	5.725	1022	50.82			128
2020-08-06	86423	3465	1282	80	11189	571	7612	305	112	7.047	985	50.29			129
2020-08-07	87891	3524	1468	59	11102	547	7741	310	129	5.197	977	48.18			130
2020-08-08	89055	3587	1164	63	10262	523	7844	315	102	5.549	903	46.07			131
2020-08-09	89999	3640	944	53	9846	487	7927	320	83	4.668	867	42.9			132
2020-08-10	91635	3712	1636	72	9789	484	8071	326	144	6.342	862	42.63			133
2020-08-11	93328	3761	1693	49	9967	441	8220	331	149	4.316	877	38.84			134
2020-08-12	95071	3827	1743	66	9930	442	8373	337	153	5.813	874	38.93			135
2020-08-13	96459	3884	1388	57	10036	419	8496	342	122	5.021	883	36.91			136
2020-08-14	97950	3939	1491	55	10059	415	8627	346	131	4.844	886	36.55			137
2020-08-15	99146	4003	1196	64	10091	416	8732	352	105	5.637	888	36.64			138
2020-08-16	100344	4058	1198	55	10345	418	8838	357	105	4.844	911	36.82			139
2020-08-17	101223	4123	879	65	9588	411	8915	363	77	5.725	844	36.2			140
2020-08-18	103019	4172	1796	49	9691	411	9074	367	158	4.316	853	36.2			141
2020-08-19	105050	4233	2031	61	9979	406	9252	372	178	5.373	878	35.76			142
2020-08-20	106065	4305	1015	72	9606	421	9342	379	89	6.342	846	37.08			143
2020-08-21	107435	4366	1370	61	9485	427	9463	384	120	5.373	835	37.61			144
2020-08-22	108427	4442	992	76	9281	439	9550	391	87	6.694	817	38.67			145
2020-08-23	109149	4509	722	67	8805	451	9613	397	63	5.901	775	39.72			146
2020-08-24	110148	4578	999	69	8925	455	9701	403	87	6.078	786	40.08			147
2020-08-25	110999	4664	851	86	7980	492	9776	410	74	7.575	702	43.34			148
2020-08-26	112094	4726	1095	62	7044	493	9873	416	96	5.461	620	43.42			149
2020-08-27	113129	4791	1035	65	7064	486	9964	421	91	5.725	622	42.81			150
2020-08-28	114409	4846	1280	55	6974	480	10077	426	112	4.844	614	42.28			151
2020-08-29	115354	4938	945	92	6927	496	10160	434	83	8.103	610	43.69			152
2020-08-30	115968	4966	614	28	6819	457	10214	437	54	2.466	600	40.25			153
2020-08-31	116598	5027	630	61	6450	449	10270	442	55	5.373	568	39.55			154
2020-09-01	117267	5101	669	74	6268	437	10329	449	58	6.518	552	38.49			155
2020-09-02	117928	5203	661	102	5834	477	10387	458	58	8.984	513	42.01			156
2020-09-03	118781	5288	853	85	5652	497	10462	465	75	7.487	497	43.78			157
2020-09-04	119580	5343	799	55	5171	497	10532	470	70	4.844	455	43.78			158
2020-09-05	120241	5398	661	55	4887	460	10590	475	58	4.844	430	40.52			159
2020-09-06	120769	5398	528	0	4801	432	10637	475	46	0.0	422	38.05			160
2020-09-07	121604	7054	835	1656	5006	2027	10711	621	73	145.863	440	178.54			161
2020-09-08	122308	7097	704	43	5041	1996	10773	625	62	3.787	444	175.81			162
2020-09-09	123345	7146	1037	49	5417	1943	10864	629	91	4.316	477	171.14			163
2020-09-10	124205	7193	860	47	5424	1905	10940	633	75	4.14	477	167.79			164
2020-09-11	125172	7250	967	57	5592	1907	11025	638	85	5.021	492	167.97			165
2020-09-12	125982	7297	810	47	5741	1899	11096	642	71	4.14	505	167.27			166
2020-09-13	126791	7344	809	47	6022	1946	11167	646	71	4.14	530	171.41			167
2020-09-14	127619	7394	828	50	6015	340	11240	651	72	4.404	529	29.95			168
2020-09-15	128286	7447	667	53	5978	350	11299	655	58	4.668	526	30.83			169
2020-09-16	128872	7478	586	31	5527	332	11351	658	51	2.731	486	29.24			170
2020-09-17	129419	7511	547	33	5214	318	11399	661	48	2.907	459	28.01			171
2020-09-18	130051	7550	632	39	4879	300	11455	665	55	3.435	429	26.42			172
2020-09-19	130470	7586	419	36	4488	289	11491	668	36	3.171	395	25.46			173
2020-09-20	130676	7617	206	31	3885	273	11510	670	18	2.731	342	24.05			174
2020-09-21	130986	7654	310	37	3367	260	11537	674	27	3.259	296	22.9			175
2020-09-22	131453	7693	467	39	3167	246	11578	677	41	3.435	278	21.67			176
2020-09-23	131990	7731	537	38	3118	253	11625	680	47	3.347	274	22.28			177
2020-09-24	132618	7765	628	34	3199	254	11681	683	55	2.995	281	22.37			178
2020-09-25	133222	7800	604	35	3171	250	11734	687	53	3.083	279	22.02			179
2020-09-26	133592	7828	370	28	3122	242	11766	689	32	2.466	274	21.32			180
2020-09-27	133901	7858	309	30	3225	241	11794	692	27	2.642	284	21.23			181
2020-09-28	134223	7900	322	42	3237	246	11822	695	28	3.699	285	21.67			182
2020-09-29	134641	7931	418	31	3188	238	11859	698	36	2.731	280	20.96			183
2020-09-30	135311	7965	670	34	3321	234	11918	701	59	2.995	292	20.61			184
2020-10-01	135716	8001	405	36	3098	236	11954	704	35	3.171	272	20.79			185
2020-10-02	136219	8045	503	44	2997	245	11998	708	44	3.876	263	21.58			186
2020-10-03	136569	8073	350	28	2977	245	12029	711	30	2.466	262	21.58			187
2020-10-04	136868	8101	299	28	2967	243	12055	713	26	2.466	261	21.4			188
2020-10-05	137107	8129	239	28	2884	229	12076	716	21	2.466	254	20.17			189
2020-10-06	137468	8156	361	27	2827	225	12108	718	31	2.378	249	19.82			190
2020-10-07	137706	8192	238	36	2395	227	12129	721	20	3.171	210	19.99			191
2020-10-08	137969	8228	263	36	2253	227	12152	724	23	3.171	198	19.99			192
2020-10-09	138226	8262	257	34	2007	217	12175	727	22	2.995	176	19.11			193
2020-10-10	138463	8292	237	30	1894	219	12196	730	20	2.642	166	19.29			194
2020-10-11	138574	8308	111	16	1706	207	12205	731	9	1.409	150	18.23			195
2020-10-12	138695	8326	121	18	1588	197	12216	733	10	1.585	139	17.35			196
2020-10-13	138922	8351	227	25	1454	195	12236	735	19	2.202	128	17.18			197
2020-10-14	139141	8377	219	26	1435	185	12255	737	19	2.29	126	16.3			198
2020-10-15	139319	8407	178	30	1350	179	12271	740	15	2.642	118	15.77			199
2020-10-16	139562	8439	243	32	1336	177	12292	743	21	2.819	117	15.59			200
2020-10-17	139710	8463	148	24	1247	171	12305	745	13	2.114	109	15.06			201
2020-10-18	139771	8481	61	18	1197	173	12311	747	5	1.585	105	15.24			202
2020-10-19	139890	8502	119	21	1195	176	12321	748	10	1.85	105	15.5			203
2020-10-20	140037	8526	147	24	1115	175	12334	750	12	2.114	98	15.41			204
2020-10-21	140228	8558	191	32	1087	181	12351	753	16	2.819	95	15.94			205
2020-10-22	140445	8584	217	26	1126	177	12370	756	19	2.29	99	15.59			206
2020-10-23	140612	8608	167	24	1050	169	12385	758	14	2.114	92	14.89			207
2020-10-24	140779	8627	167	19	1069	164	12400	759	14	1.674	94	14.45			208
2020-10-25	140853	8645	74	18	1082	164	12406	761	6	1.585	95	14.45			209
2020-10-26	140952	8658	99	13	1062	156	12415	762	8	1.145	93	13.74			210
2020-10-27	141124	8672	172	14	1087	146	12430	763	15	1.233	95	12.86			211
2020-10-28	141321	8694	197	22	1093	136	12447	765	17	1.938	96	11.98			212
2020-10-29	141484	8705	163	11	1039	121	12462	766	14	0.969	91	10.66			213
2020-10-30	141631	8715	147	10	1019	107	12475	767	12	0.881	89	9.42			214
2020-10-31	141757	8725	126	10	978	98	12486	768	11	0.881	86	8.63			215
2020-11-01	141833	8731	76	6	980	86	12492	769	6	0.528	86	7.57			216
2020-11-02	141867	8741	34	10	915	83	12495	769	2	0.881	80	7.31			217
2020-11-03	141936	8751	69	10	812	79	12501	770	6	0.881	71	6.96			218
2020-11-04	142062	8758	126	7	741	64	12513	771	11	0.617	65	5.64			219
2020-11-05	142201	8768	139	10	717	63	12525	772	12	0.881	63	5.55			220
2020-11-06	142343	8781	142	13	712	66	12537	773	12	1.145	62	5.81			221
2020-11-07	142427	8790	84	9	670	65	12545	774	7	0.793	59	5.73			222
2020-11-08	142475	8795	48	5	642	64	12549	774	4	0.44	56	5.64			223
2020-11-09	142561	8802	86	7	694	61	12556	775	7	0.617	61	5.37			224
2020-11-10	142664	8808	103	6	728	57	12566	775	9	0.528	64	5.02			225
2020-11-11	142776	8818	112	10	714	60	12575	776	9	0.881	62	5.28			226
2020-11-12	142889	8825	113	7	688	57	12585	777	9	0.617	60	5.02			227
2020-11-13	143069	8835	180	10	726	54	12601	778	15	0.881	63	4.76			228
2020-11-14	143181	8841	112	6	754	51	12611	778	9	0.528	66	4.49			229
2020-11-15	143246	8849	65	8	771	54	12617	779	5	0.705	67	4.76			230
2020-11-16	143371	8859	125	10	810	57	12628	780	11	0.881	71	5.02			231
2020-11-17	143473	8866	102	7	809	58	12637	780	8	0.617	71	5.11			232
2020-11-18	143569	8875	96	9	793	57	12645	781	8	0.793	69	5.02			233
2020-11-19	143756	8889	187	14	867	64	12662	782	16	1.233	76	5.64			234
2020-11-20	143854	8900	98	11	785	65	12670	783	8	0.969	69	5.73			235
2020-11-21	143922	8904	68	4	741	63	12676	784	5	0.352	65	5.55			236
2020-11-22	143978	8907	56	3	732	58	12681	784	4	0.264	64	5.11			237
2020-11-23	144034	8916	56	9	663	57	12686	785	4	0.793	58	5.02			238
2020-11-24	144147	8928	113	12	674	62	12696	786	9	1.057	59	5.46			239
2020-11-25	144276	8933	129	5	707	58	12708	786	11	0.44	62	5.11			240
2020-11-26	144390	8939	114	6	634	50	12718	787	10	0.528	55	4.4			241
2020-11-27	144494	8943	104	4	640	43	12727	787	9	0.352	56	3.79			242
2020-11-28	144592	8949	98	6	670	45	12735	788	8	0.528	59	3.96			243
2020-11-29	144622	8952	30	3	644	45	12738	788	2	0.264	56	3.96			244
2020-11-30	144708	8957	86	5	674	41	12746	788	7	0.44	59	3.61			245
2020-12-01	144810	8963	102	6	663	35	12755	789	8	0.528	58	3.08			246
2020-12-02	144994	8972	184	9	718	39	12771	790	16	0.793	63	3.44			247
2020-12-03	145186	8982	192	10	796	43	12788	791	16	0.881	70	3.79			248
2020-12-04	145325	8987	139	5	831	44	12800	791	12	0.44	73	3.88			249
2020-12-05	145492	8992	167	5	900	43	12815	792	14	0.44	79	3.79			250
2020-12-06	145560	8995	68	3	938	43	12821	792	5	0.264	82	3.79			251
2020-12-07	145657	8997	97	2	949	40	12829	792	8	0.176	83	3.52			252
2020-12-08	145846	9002	189	5	1036	39	12846	792	16	0.44	91	3.44			253
2020-12-09	146060	9004	214	2	1066	32	12865	793	18	0.176	93	2.82			254
2020-12-10	146385	9008	325	4	1199	26	12893	793	28	0.352	105	2.29			255
2020-12-11	146697	9013	312	5	1372	26	12921	793	27	0.44	120	2.29			256
2020-12-12	147030	9014	333	1	1538	22	12950	793	29	0.088	135	1.94			257
2020-12-13	147150	9018	120	4	1590	23	12961	794	10	0.352	140	2.03			258
2020-12-14	147345	9024	195	6	1688	27	12978	794	17	0.528	148	2.38			259
2020-12-15	147716	9026	371	2	1870	24	13011	795	32	0.176	164	2.11			260
2020-12-16	148214	9029	498	3	2154	25	13054	795	43	0.264	189	2.2			261
2020-12-17	148665	9031	451	2	2280	23	13094	795	39	0.176	200	2.03			262
2020-12-18	149149	9033	484	2	2452	20	13137	795	42	0.176	215	1.76			263
2020-12-19	149770	9035	621	2	2740	21	13191	795	54	0.176	241	1.85			264
2020-12-20	150023	9036	253	1	2873	18	13214	795	22	0.088	253	1.59			265
2020-12-21	150385	9043	362	7	3040	19	13246	796	31	0.617	267	1.67			266
2020-12-22	151059	9052	674	9	3343	26	13305	797	59	0.793	294	2.29			267
2020-12-23	152064	9065	1005	13	3850	36	13394	798	88	1.145	339	3.17			268
2020-12-24	153121	9076	1057	11	4456	45	13487	799	93	0.969	392	3.96			269
2020-12-25	153590	9083	469	7	4441	50	13528	800	41	0.617	391	4.4			270
2020-12-26	154349	9093	759	10	4579	58	13595	800	66	0.881	403	5.11			271
2020-12-27	154843	9098	494	5	4820	62	13638	801	43	0.44	424	5.46			272
2020-12-28	155594	9106	751	8	5209	63	13704	802	66	0.705	458	5.55			273
2020-12-29	156887	9135	1293	29	5828	83	13818	804	113	2.554	513	7.31			274
2020-12-30	158372	9149	1485	14	6308	84	13949	805	130	1.233	555	7.4			275
2020-12-31	160124	9165	1752	16	7003	89	14103	807	154	1.409	616	7.84			276
2021-01-01	160985	9175	861	10	7395	92	14179	808	75	0.881	651	8.1			277
2021-01-02	162055	9186	1070	11	7706	93	14274	809	94	0.969	678	8.19			278
2021-01-03	162661	9201	606	15	7818	103	14327	810	53	1.321	688	9.07			279
2021-01-04	163671	9219	1010	18	8077	113	14416	812	88	1.585	711	9.95			280
2021-01-05	165268	9241	1597	22	8381	106	14557	813	140	1.938	738	9.34			281
2021-01-06	166981	9287	1713	46	8609	138	14707	818	150	4.052	758	12.16			282
2021-01-07	168891	9304	1910	17	8767	139	14876	819	168	1.497	772	12.24			283
2021-01-08	171154	9328	2263	24	10169	153	15075	821	199	2.114	895	13.48			284
2021-01-09	172798	9351	1644	23	10743	165	15220	823	144	2.026	946	14.53			285
2021-01-10	173896	9376	1098	25	11235	175	15316	825	96	2.202	989	15.41			286
2021-01-11	175288	9415	1392	39	11617	196	15439	829	122	3.435	1023	17.26			287
2021-01-12	176761	9454	1473	39	11493	213	15569	832	129	3.435	1012	18.76			288
2021-01-13	178818	9493	2057	39	11837	206	15750	836	181	3.435	1042	18.14			289
2021-01-14	181016	9530	2198	37	12125	226	15944	839	193	3.259	1067	19.91			290
2021-01-15	183589	9571	2573	41	12435	243	16170	843	226	3.611	1095	21.4			291
2021-01-16	185680	9596	2091	25	12882	245	16354	845	184	2.202	1134	21.58			292
2021-01-17	187183	9636	1503	40	13287	260	16487	848	132	3.523	1170	22.9			293
2021-01-18	188733	9680	1550	44	13445	265	16623	852	136	3.876	1184	23.34			294
2021-01-19	191090	9722	2357	42	14329	268	16831	856	207	3.699	1262	23.61			295
2021-01-20	193745	9764	2655	42	14927	271	17065	860	233	3.699	1314	23.87			296
2021-01-21	196393	9818	2648	54	15377	288	17298	864	233	4.756	1354	25.37			297
2021-01-22	198257	9871	1864	53	14668	300	17462	869	164	4.668	1291	26.42			298
2021-01-23	199989	9927	1732	56	14309	331	17615	874	152	4.933	1260	29.15			299
2021-01-24	201037	9985	1048	58	13854	349	17707	879	92	5.109	1220	30.74			300
2021-01-25	202818	10051	1781	66	14085	371	17864	885	156	5.813	1240	32.68			301
2021-01-26	205208	10105	2390	54	14118	383	18074	890	210	4.756	1243	33.74			302
2021-01-27	208074	10167	2866	62	14329	403	18327	895	252	5.461	1262	35.5			303
2021-01-28	210726	10226	2652	59	14333	408	18561	900	233	5.197	1262	35.94			304
2021-01-29	213392	10279	2666	53	15135	408	18795	905	234	4.668	1333	35.94			305
2021-01-30	215397	10330	2005	51	15408	403	18972	909	176	4.492	1357	35.5			306
2021-01-31	216835	10379	1438	49	15798	394	19099	914	126	4.316	1391	34.7			307
2021-02-01	218299	10439	1464	60	15481	388	19228	919	128	5.285	1363	34.18			308
2021-02-02	220426	10513	2127	74	15218	408	19415	925	187	6.518	1340	35.94			309
2021-02-03	222447	10571	2021	58	14373	404	19593	931	178	5.109	1265	35.58			310
2021-02-04	224234	10633	1787	62	13508	407	19750	936	157	5.461	1189	35.85			311
2021-02-05	225910	10687	1676	54	12518	408	19898	941	147	4.756	1102	35.94			312
2021-02-06	227128	10753	1218	66	11731	423	20005	947	107	5.813	1033	37.26			313
2021-02-07	227967	10796	839	43	11132	417	20079	950	73	3.787	980	36.73			314
2021-02-08	229187	10864	1220	68	10888	425	20187	956	107	5.99	959	37.43			315
2021-02-09	230731	10929	1544	65	10305	416	20323	962	135	5.725	907	36.64			316
2021-02-10	232502	10996	1771	67	10055	425	20479	968	155	5.901	885	37.43			317
2021-02-11	233854	11044	1352	48	9620	411	20598	972	119	4.228	847	36.2			318
2021-02-12	235098	11107	1244	63	9188	420	20707	978	109	5.549	809	36.99			319
2021-02-13	236036	11155	938	48	8908	402	20790	982	82	4.228	784	35.41			320
2021-02-14	236732	11202	696	47	8765	406	20851	986	61	4.14	772	35.76			321
2021-02-15	237144	11234	412	32	7957	370	20887	989	36	2.819	700	32.59			322
2021-02-16	237706	11274	562	40	6975	345	20937	993	49	3.523	614	30.39			323
2021-02-17	238495	11303	789	29	5993	307	21006	995	69	2.554	527	27.04			324
2021-02-18	239524	11353	1029	50	5670	309	21097	999	90	4.404	499	27.22			325
2021-02-19	240676	11390	1152	37	5578	283	21199	1003	101	3.259	491	24.93			326
2021-02-20	241771	11417	1095	27	5735	262	21295	1005	96	2.378	505	23.08			327
2021-02-21	242292	11441	521	24	5560	239	21341	1007	45	2.114	489	21.05			328
2021-02-22	243176	11470	884	29	6032	236	21419	1010	77	2.554	531	20.79			329
2021-02-23	244380	11508	1204	38	6674	234	21525	1013	106	3.347	587	20.61			330
2021-02-24	245719	11547	1339	39	7224	244	21643	1017	117	3.435	636	21.49			331
2021-02-25	246822	11577	1103	30	7298	224	21740	1019	97	2.642	642	19.73			332
2021-02-26	247891	11609	1069	32	7215	219	21834	1022	94	2.819	635	19.29			333
2021-02-27	248547	11628	656	19	6776	211	21892	1024	57	1.674	596	18.59			334
2021-02-28	249010	11649	463	21	6718	208	21933	1026	40	1.85	591	18.32			335
2021-03-01	249767	11666	757	17	6591	196	21999	1027	66	1.497	580	17.26			336
2021-03-02	250557	11703	790	37	6177	195	22069	1030	69	3.259	544	17.18			337
2021-03-03	251391	11734	834	31	5672	187	22142	1033	73	2.731	499	16.47			338
2021-03-04	252360	11761	969	27	5538	184	22228	1035	85	2.378	487	16.21			339
2021-03-05	253297	11789	937	28	5406	180	22310	1038	82	2.466	476	15.85			340
2021-03-06	253950	11807	653	18	5403	179	22368	1039	57	1.585	475	15.77			341
2021-03-07	254273	11823	323	16	5263	174	22396	1041	28	1.409	463	15.33			342
2021-03-08	254736	11845	463	22	4969	179	22437	1043	40	1.938	437	15.77			343
2021-03-09	255621	11858	885	13	5064	155	22515	1044	77	1.145	446	13.65			344
2021-03-10	256462	11884	841	26	5071	150	22589	1046	74	2.29	446	13.21			345
2021-03-11	257240	11903	778	19	4880	142	22658	1048	68	1.674	429	12.51			346
2021-03-12	258324	11930	1084	27	5027	141	22753	1050	95	2.378	442	12.42			347
2021-03-13	259004	11944	680	14	5054	137	22813	1052	59	1.233	445	12.07			348
2021-03-14	259389	11958	385	14	5116	135	22847	1053	33	1.233	450	11.89			349
2021-03-15	260059	11974	670	16	5323	129	22906	1054	59	1.409	468	11.36			350
2021-03-16	260988	11997	929	23	5367	139	22988	1056	81	2.026	472	12.24			351
2021-03-17	262056	12015	1068	18	5594	131	23082	1058	94	1.585	492	11.54			352
2021-03-18	262941	12028	885	13	5701	125	23160	1059	77	1.145	502	11.01			353
2021-03-19	263808	12041	867	13	5484	111	23236	1060	76	1.145	483	9.78			354
2021-03-20	264411	12051	603	10	5407	107	23289	1061	53	0.881	476	9.42			355
2021-03-21	264634	12060	223	9	5245	102	23309	1062	19	0.793	461	8.98			356
2021-03-22	265207	12074	573	14	5148	100	23359	1063	50	1.233	453	8.81			357
2021-03-23	266086	12093	879	19	5098	96	23437	1065	77	1.674	449	8.46			358
2021-03-24	267059	12107	973	14	5003	92	23522	1066	85	1.233	440	8.1			359
2021-03-25	267833	12131	774	24	4892	103	23591	1068	68	2.114	430	9.07			360
2021-03-26	268711	12143	878	12	4903	102	23668	1069	77	1.057	431	8.98			361
2021-03-27	269302	12165	591	22	4891	114	23720	1071	52	1.938	430	10.04			362
2021-03-28	269628	12186	326	21	4994	126	23749	1073	28	1.85	439	11.1			363
2021-03-29	270347	12211	719	25	5140	137	23812	1075	63	2.202	452	12.07			364
2021-03-30	271419	12239	1072	28	5333	146	23906	1078	94	2.466	469	12.86			365
2021-03-31	272411	12257	992	18	5352	150	23994	1079	87	1.585	471	13.21			366
2021-04-01	273327	12280	916	23	5494	149	24075	1081	80	2.026	483	13.12			367
2021-04-02	273947	12305	620	25	5236	162	24129	1083	54	2.202	461	14.27			368
2021-04-03	274467	12316	520	11	5165	151	24175	1084	45	0.969	454	13.3			369
2021-04-04	274934	12324	467	8	5306	138	24216	1085	41	0.705	467	12.16			370
2021-04-05	275392	12344	458	20	5045	133	24256	1087	40	1.762	444	11.71			371
2021-04-06	276890	12366	1498	22	5471	127	24388	1089	131	1.938	481	11.19			372
2021-04-07	277966	12385	1076	19	5555	128	24483	1090	94	1.674	489	11.27			373
2021-04-08	279207	12412	1241	27	5880	132	24592	1093	109	2.378	517	11.63			374
2021-04-09	280649	12428	1442	16	6702	123	24719	1094	127	1.409	590	10.83			375
2021-04-10	281570	12442	921	14	7103	126	24801	1095	81	1.233	625	11.1			376
2021-04-11	282095	12451	525	9	7161	127	24847	1096	46	0.793	630	11.19			377
2021-04-12	283084	12469	989	18	7692	125	24934	1098	87	1.585	677	11.01			378
2021-04-13	284183	12496	1099	27	7293	130	25031	1100	96	2.378	642	11.45			379
2021-04-14	285291	12519	1108	23	7325	134	25128	1102	97	2.026	645	11.8			380
2021-04-15	286114	12603	823	84	6907	191	25201	1110	72	7.399	608	16.82			381
2021-04-16	287360	12625	1246	22	6711	197	25311	1112	109	1.938	591	17.35			382
2021-04-17	287360	12625	0	0	5790	183	25311	1112	0	0.0	509	16.12			383
2021-04-18	289066	12648	1706	23	6971	197	25461	1114	150	2.026	614	17.35			384
2021-04-19	290362	12666	1296	18	7278	197	25575	1115	114	1.585	641	17.35			385
2021-04-20	291675	12695	1313	29	7492	199	25691	1118	115	2.554	659	17.53			386
2021-04-21	293061	12731	1386	36	7770	212	25813	1121	122	3.171	684	18.67			387
2021-04-22	294391	12758	1330	27	8277	155	25930	1123	117	2.378	729	13.65			388
2021-04-23	295892	12783	1501	25	8532	158	26062	1125	132	2.202	751	13.92			389
2021-04-24	297185	12812	1293	29	9825	187	26176	1128	113	2.554	865	16.47			390
2021-04-25	297659	12824	474	12	8593	176	26218	1129	41	1.057	756	15.5			391
2021-04-26	298778	12861	1119	37	8416	195	26316	1132	98	3.259	741	17.18			392
2021-04-27	300258	12885	1480	24	8583	190	26447	1134	130	2.114	756	16.74			393
2021-04-28	301831	12920	1573	35	8770	189	26585	1138	138	3.083	772	16.65			394
2021-04-29	301831	12920	0	0	7440	162	26585	1138	0	0.0	655	14.27			395
2021-04-30	303732	12951	1901	31	7840	168	26753	1140	167	2.731	690	14.8			396
2021-05-01	306527	13009	2795	58	9342	197	26999	1145	246	5.109	822	17.35			397
2021-05-02	306527	13009	0	0	8868	185	26999	1145	0	0.0	781	16.3			398
2021-05-03	308984	13035	2457	26	10206	174	27215	1148	216	2.29	898	15.33			399
2021-05-04	308984	13035	0	0	8726	150	27215	1148	0	0.0	768	13.21			400
2021-05-05	310572	13082	1588	47	8741	162	27355	1152	139	4.14	769	14.27			401
2021-05-06	314190	13151	3618	69	12359	231	27674	1158	318	6.078	1088	20.35			402
2021-05-07	314190	13151	0	0	10458	200	27674	1158	0	0.0	921	17.62			403
2021-05-08	317547	13205	3357	54	11020	196	27969	1163	295	4.756	970	17.26			404
2021-05-09	317547	13205	0	0	11020	196	27969	1163	0	0.0	970	17.26			405
2021-05-10	318610	13228	1063	23	9626	193	28063	1165	93	2.026	847	17.0			406
2021-05-11	320209	13258	1599	30	11225	223	28204	1167	140	2.642	988	19.64			407
2021-05-12	322578	13308	2369	50	12006	226	28413	1172	208	4.404	1057	19.91			408
2021-05-13	324868	13345	2290	37	10678	194	28614	1175	201	3.259	940	17.09			409
2021-05-14	327224	13409	2356	64	13034	258	28822	1181	207	5.637	1148	22.72			410
2021-05-15	329733	13451	2509	42	12186	246	29043	1184	220	3.699	1073	21.67			411
2021-05-16	332567	13517	2834	66	15020	312	29292	1190	249	5.813	1322	27.48			412
2021-05-17	334824	13566	2257	49	16214	338	29491	1194	198	4.316	1428	29.77			413
2021-05-18	334824	13566	0	0	14615	308	29491	1194	0	0.0	1287	27.13			414
2021-05-19	337441	13635	2617	69	14863	327	29722	1200	230	6.078	1309	28.8			415
2021-05-20	340207	13693	2766	58	15339	348	29965	1206	243	5.109	1351	30.65			416
2021-05-21	343065	13780	2858	87	15841	371	30217	1213	251	7.663	1395	32.68			417
2021-05-22	346070	13857	3005	77	16337	406	30482	1220	264	6.782	1438	35.76			418
2021-05-23	349653	13965	3583	108	17086	448	30797	1230	315	9.513	1504	39.46			419
2021-05-24	349653	13965	0	0	14829	399	30797	1230	0	0.0	1306	35.14			420
2021-05-25	355349	14124	5696	159	20525	558	31299	1244	501	14.005	1807	49.15			421
2021-05-26	358562	14226	3213	102	21121	591	31582	1253	283	8.984	1860	52.06			422
2021-05-27	361580	14312	3018	86	21373	619	31848	1260	265	7.575	1882	54.52			423
2021-05-28	364570	14377	2990	65	21505	597	32111	1266	263	5.725	1894	52.58			424
2021-05-29	366714	14435	2144	58	20644	578	32300	1271	188	5.109	1818	50.91			425
2021-05-30	368474	14471	1760	36	18821	506	32455	1274	155	3.171	1657	44.57			426
2021-05-31	371279	14524	2805	53	21626	559	32702	1279	247	4.668	1904	49.24			427
2021-06-01	374718	14639	3439	115	19369	515	33005	1289	302	10.129	1706	45.36			428
2021-06-02	378028	14732	3310	93	19466	506	33297	1297	291	8.192	1714	44.57			429
2021-06-03	380457	14832	2429	100	18877	520	33511	1306	213	8.808	1662	45.8			430
2021-06-04	383457	14900	3000	68	18887	523	33775	1312	264	5.99	1663	46.07			431
2021-06-05	385734	14981	2277	81	19020	546	33975	1319	200	7.135	1675	48.09			432
2021-06-06	387162	15024	1428	43	18688	553	34101	1323	125	3.787	1646	48.71			433
2021-06-07	387162	15024	0	0	15883	500	34101	1323	0	0.0	1398	44.04			434
2021-06-08	392975	15177	5813	153	18257	538	34613	1336	512	13.476	1608	47.39			435
2021-06-09	392975	15177	0	0	14947	445	34613	1336	0	0.0	1316	39.2			436
2021-06-10	400047	15321	7072	144	19590	489	35236	1349	622	12.684	1725	43.07			437
2021-06-11	400047	15321	0	0	16590	421	35236	1349	0	0.0	1461	37.08			438
2021-06-12	405347	15485	5300	164	19613	504	35703	1363	466	14.445	1727	44.39			439
2021-06-13	406954	15542	1607	57	19792	518	35845	1368	141	5.021	1743	45.63			440
2021-06-14	409106	15614	2152	72	21944	590	36034	1375	189	6.342	1932	51.97			441
2021-06-15	411677	15738	2571	124	18702	561	36261	1386	226	10.922	1647	49.41			442
2021-06-16	414513	15826	2836	88	21538	649	36510	1393	249	7.751	1897	57.16			443
2021-06-17	417195	15924	2682	98	17148	603	36747	1402	236	8.632	1510	53.11			444
2021-06-18	417195	15924	0	0	17148	603	36747	1402	0	0.0	1510	53.11			445
2021-06-19	420961	16088	3766	164	15614	603	37078	1417	331	14.445	1375	53.11			446
2021-06-20	422047	16132	1086	44	15093	590	37174	1420	95	3.876	1329	51.97			447
2021-06-21	422811	16174	764	42	13705	560	37241	1424	67	3.699	1207	49.33			448
2021-06-22	424478	16243	1667	69	12801	505	37388	1430	146	6.078	1127	44.48			449
2021-06-23	426748	16329	2270	86	12235	503	37588	1438	199	7.575	1077	44.3			450
2021-06-24	429178	16414	2430	85	11983	490	37802	1445	214	7.487	1055	43.16			451
2021-06-25	431360	16496	2182	82	14165	572	37994	1452	192	7.223	1247	50.38			452
2021-06-26	433013	16551	1653	55	12052	463	38140	1457	145	4.844	1061	40.78			453
2021-06-27	433935	16581	922	30	11888	449	38221	1460	81	2.642	1047	39.55			454
2021-06-28	435568	16631	1633	50	12757	457	38365	1464	143	4.404	1123	40.25			455
2021-06-29	437623	16702	2055	71	13145	459	38546	1471	181	6.254	1157	40.43			456
2021-06-30	439624	16767	2001	65	12876	438	38722	1476	176	5.725	1134	38.58			457
2021-07-01	441286	16822	1662	55	12108	408	38869	1481	146	4.844	1066	35.94			458
2021-07-02	442884	16879	1598	57	11524	383	39009	1486	140	5.021	1015	33.74			459
2021-07-03	444090	16920	1206	41	11077	369	39116	1490	106	3.611	975	32.5			460
2021-07-04	444968	16951	878	31	11033	370	39193	1493	77	2.731	971	32.59			461
2021-07-05	446362	16985	1394	34	10794	354	39316	1496	122	2.995	950	31.18			462
2021-07-06	448213	17013	1851	28	10590	311	39479	1498	163	2.466	932	27.39			463
2021-07-07	449687	17067	1474	54	10063	300	39609	1503	129	4.756	886	26.42			464
2021-07-08	451224	17126	1537	59	9938	304	39744	1508	135	5.197	875	26.78			465
2021-07-09	451224	17126	0	0	8340	247	39744	1508	0	0.0	734	21.76			466
2021-07-10	453595	17200	2371	74	9505	280	39953	1514	208	6.518	837	24.66			467
2021-07-11	454241	17219	646	19	9273	268	40010	1516	56	1.674	816	23.61			468
2021-07-12	455436	17250	1195	31	9074	265	40115	1519	105	2.731	799	23.34			469
2021-07-13	456815	17287	1379	37	8602	274	40236	1522	121	3.259	757	24.13			470
2021-07-14	456815	17287	0	0	7128	220	40236	1522	0	0.0	627	19.38			471
2021-07-15	459579	17375	2764	88	8355	249	40480	1530	243	7.751	735	21.93			472
2021-07-16	459579	17375	0	0	8355	249	40480	1530	0	0.0	735	21.93			473
2021-07-17	461714	17443	2135	68	8119	243	40668	1536	188	5.99	715	21.4			474
2021-07-18	462154	17458	440	15	7913	239	40707	1537	38	1.321	696	21.05			475
2021-07-19	463125	17475	971	17	7689	225	40792	1539	85	1.497	677	19.82			476
2021-07-20	463125	17475	0	0	6310	188	40792	1539	0	0.0	555	16.56			477
2021-07-21	465351	17546	2226	71	8536	259	40988	1545	196	6.254	751	22.81			478
2021-07-22	466318	17576	967	30	6739	201	41073	1548	85	2.642	593	17.7			479
2021-07-23	467343	17613	1025	37	7764	238	41164	1551	90	3.259	683	20.96			480
2021-07-24	467975	17637	632	24	6261	194	41219	1553	55	2.114	551	17.09			481
2021-07-25	468423	17651	448	14	6269	193	41259	1554	39	1.233	552	17.0			482
2021-07-26	468423	17651	0	0	5298	176	41259	1554	0	0.0	466	15.5			483
2021-07-27	470024	17716	1601	65	6899	241	41400	1560	141	5.725	607	21.23			484
2021-07-28	470929	17754	905	38	5578	208	41480	1563	79	3.347	491	18.32			485
2021-07-29	471958	17784	1029	30	5640	208	41570	1566	90	2.642	496	18.32			486
2021-07-30	471958	17784	0	0	4615	171	41570	1566	0	0.0	406	15.06			487
2021-07-31	473506	17821	1548	37	5531	184	41707	1569	136	3.259	487	16.21			488
2021-08-01	473899	17839	393	18	5476	188	41741	1571	34	1.585	482	16.56			489
2021-08-02	474538	17859	639	20	6115	208	41797	1573	56	1.762	538	18.32			490
2021-08-03	475265	17882	727	23	5241	166	41861	1575	64	2.026	461	14.62			491
2021-08-04	476097	17910	832	28	5168	156	41935	1577	73	2.466	455	13.74			492
2021-08-05	476795	17935	698	25	4837	151	41996	1579	61	2.202	426	13.3			493
2021-08-06	476795	17935	0	0	4837	151	41996	1579	0	0.0	426	13.3			494
2021-08-07	477262	17959	467	24	3756	138	42037	1581	41	2.114	330	12.16			495
2021-08-08	477696	17971	434	12	3797	132	42076	1582	38	1.057	334	11.63			496
2021-08-09	478671	18004	975	33	4133	145	42161	1585	85	2.907	364	12.77			497
2021-08-10	478671	18004	0	0	3406	122	42161	1585	0	0.0	300	10.75			498
2021-08-11	480229	18109	1558	105	4132	199	42299	1595	137	9.249	363	17.53			499
2021-08-12	480229	18109	0	0	3434	174	42299	1595	0	0.0	302	15.33			500
2021-08-13	481631	18152	1402	43	4836	217	42422	1598	123	3.787	425	19.11			501
2021-08-14	481631	18152	0	0	4369	193	42422	1598	0	0.0	384	17.0			502
2021-08-15	482428	18185	797	33	4732	214	42492	1601	70	2.907	416	18.85			503
2021-08-16	482428	18185	0	0	3757	181	42492	1601	0	0.0	330	15.94			504
2021-08-17	483731	18222	1303	37	5060	218	42607	1605	114	3.259	445	19.2			505
2021-08-18	484446	18236	715	14	4217	127	42670	1606	62	1.233	371	11.19			506
2021-08-19	484446	18236	0	0	4217	127	42670	1606	0	0.0	371	11.19			507
2021-08-20	485184	18256	738	20	3553	104	42735	1608	65	1.762	312	9.16			508
2021-08-21	486394	18296	1210	40	4763	144	42842	1611	106	3.523	419	12.68			509
2021-08-22	486643	18302	249	6	4215	117	42864	1612	21	0.528	371	10.31			510
2021-08-23	487131	18313	488	11	4703	128	42907	1613	42	0.969	414	11.27			511
2021-08-24	487721	18330	590	17	3990	108	42959	1614	51	1.497	351	9.51			512
2021-08-25	488403	18350	682	20	3957	114	43019	1616	60	1.762	348	10.04			513
2021-08-26	488933	18371	530	21	4487	135	43065	1618	46	1.85	395	11.89			514
2021-08-27	488933	18371	0	0	3749	115	43065	1618	0	0.0	330	10.13			515
2021-08-28	489802	18402	869	31	3408	106	43142	1620	76	2.731	300	9.34			516
2021-08-29	490056	18411	254	9	3413	109	43164	1621	22	0.793	300	9.6			517
2021-08-30	490467	18429	411	18	3336	116	43200	1623	36	1.585	293	10.22			518
2021-08-31	490879	18452	412	23	3158	122	43237	1625	36	2.026	278	10.75			519
2021-09-01	491340	18473	461	21	2937	123	43277	1627	40	1.85	258	10.83			520
2021-09-02	491759	18486	419	13	2826	115	43314	1628	36	1.145	248	10.13			521
2021-09-03	491759	18486	0	0	2826	115	43314	1628	0	0.0	248	10.13			522
2021-09-04	492509	18507	750	21	2707	105	43380	1630	66	1.85	238	9.25			523
2021-09-05	492680	18512	171	5	2624	101	43395	1630	15	0.44	231	8.9			524
2021-09-06	492680	18512	0	0	2213	83	43395	1630	0	0.0	194	7.31			525
2021-09-07	493115	18514	435	2	2236	62	43434	1630	38	0.176	196	5.46			526
2021-09-08	493518	18529	403	15	2178	56	43469	1632	35	1.321	191	4.93			527
2021-09-09	493914	18541	396	12	2155	55	43504	1633	34	1.057	189	4.84			528
2021-09-10	494293	18558	379	17	2534	72	43537	1634	33	1.497	223	6.34			529
2021-09-11	494664	18568	371	10	2155	61	43570	1635	32	0.881	189	5.37			530
2021-09-12	495035	18587	371	19	2355	75	43603	1637	32	1.674	207	6.61			531
2021-09-13	495035	18587	0	0	2355	75	43603	1637	0	0.0	207	6.61			532
2021-09-14	495612	18603	577	16	2497	89	43654	1638	50	1.409	219	7.84			533
2021-09-15	496032	18616	420	13	2514	87	43691	1639	36	1.145	221	7.66			534
2021-09-16	496032	18616	0	0	2118	75	43691	1639	0	0.0	186	6.61			535
2021-09-17	496700	18648	668	32	2407	90	43750	1642	58	2.819	212	7.93			536
2021-09-18	496950	18654	250	6	2286	86	43772	1643	22	0.528	201	7.57			537
2021-09-19	497100	18659	150	5	2065	72	43785	1643	13	0.44	181	6.34			538
2021-09-20	497386	18664	286	5	2351	77	43810	1643	25	0.44	207	6.78			539
2021-09-21	497676	18672	290	8	2064	69	43835	1644	25	0.705	181	6.08			540
2021-09-22	497984	18681	308	9	1952	65	43863	1645	27	0.793	171	5.73			541
2021-09-23	498331	18688	347	7	2299	72	43893	1646	30	0.617	202	6.34			542
2021-09-24	498595	18696	264	8	1895	48	43916	1646	23	0.705	166	4.23			543
2021-09-25	498790	18698	195	2	1840	44	43934	1646	17	0.176	162	3.88			544
2021-09-26	498895	18700	105	2	1795	41	43943	1647	9	0.176	158	3.61			545
2021-09-27	499202	18707	307	7	1816	43	43970	1647	27	0.617	159	3.79			546
2021-09-28	499648	18716	446	9	1972	44	44009	1648	39	0.793	173	3.88			547
2021-09-29	500090	18726	442	10	2106	45	44048	1649	38	0.881	185	3.96			548
2021-09-30	500445	18735	355	9	2114	47	44079	1650	31	0.793	186	4.14			549
2021-10-01	500823	18750	378	15	2228	54	44113	1651	33	1.321	196	4.76			550
2021-10-02	500823	18750	0	0	2033	52	44113	1651	0	0.0	179	4.58			551
2021-10-03	501179	18762	356	12	2284	62	44144	1652	31	1.057	201	5.46			552
2021-10-04	501616	18766	437	4	2414	59	44183	1652	38	0.352	212	5.2			553
2021-10-05	502047	18770	431	4	2399	54	44220	1653	37	0.352	211	4.76			554
2021-10-06	502550	18775	503	5	2460	49	44265	1653	44	0.44	216	4.32			555
2021-10-07	502550	18775	0	0	2105	40	44265	1653	0	0.0	185	3.52			556
2021-10-08	503022	18780	472	5	2199	30	44306	1654	41	0.44	193	2.64			557
2021-10-09	503432	18789	410	9	2609	39	44342	1654	36	0.793	229	3.44			558
2021-10-10	503735	18795	303	6	2556	33	44369	1655	26	0.528	225	2.91			559
2021-10-11	504121	18803	386	8	2505	37	44403	1656	33	0.705	220	3.26			560
2021-10-12	504601	18806	480	3	2554	36	44445	1656	42	0.264	224	3.17			561
2021-10-13	505157	18811	556	5	2607	36	44494	1656	48	0.44	229	3.17			562
2021-10-14	505157	18811	0	0	2607	36	44494	1656	0	0.0	229	3.17			563
2021-10-15	506150	18824	993	13	3128	44	44582	1658	87	1.145	275	3.88			564
2021-10-16	506150	18824	0	0	2718	35	44582	1658	0	0.0	239	3.08			565
2021-10-17	506654	18834	504	10	2919	39	44626	1658	44	0.881	257	3.44			566
2021-10-18	507134	18834	480	0	3013	31	44669	1658	42	0.0	265	2.73			567
2021-10-19	507134	18877	0	43	2533	71	44669	1662	0	3.787	223	6.25			568
2021-10-20	508166	18887	1032	10	3009	76	44759	1663	90	0.881	265	6.69			569
2021-10-21	508702	18891	536	4	3545	80	44807	1663	47	0.352	312	7.05			570
2021-10-22	509276	18896	574	5	3126	72	44857	1664	50	0.44	275	6.34			571
2021-10-23	509709	18898	433	2	3559	74	44895	1664	38	0.176	313	6.52			572
2021-10-24	509919	18901	210	3	3265	67	44914	1664	18	0.264	287	5.9			573
2021-10-25	509919	18901	0	0	2785	67	44914	1664	0	0.0	245	5.9			574
2021-10-26	510470	18903	551	2	3336	26	44962	1665	48	0.176	293	2.29			575
2021-10-27	511854	18911	1384	8	3688	24	45084	1665	121	0.705	324	2.11			576
2021-10-28	511854	18911	0	0	3152	20	45084	1665	0	0.0	277	1.76			577
2021-10-29	512460	18915	606	4	3184	19	45138	1666	53	0.352	280	1.67			578
2021-10-30	513584	18925	1124	10	3875	27	45237	1666	99	0.881	341	2.38			579
2021-10-31	513584	18925	0	0	3665	24	45237	1666	0	0.0	322	2.11			580
2021-11-01	513810	18928	226	3	3891	27	45257	1667	19	0.264	342	2.38			581
2021-11-02	513810	18928	0	0	3340	25	45257	1667	0	0.0	294	2.2			582
2021-11-03	514679	18936	869	8	2825	25	45333	1667	76	0.705	248	2.2			583
2021-11-04	515373	18942	694	6	3519	31	45394	1668	61	0.528	309	2.73			584
2021-11-05	517229	18960	1856	18	4769	45	45558	1670	163	1.585	420	3.96			585
2021-11-06	517229	18960	0	0	3645	35	45558	1670	0	0.0	321	3.08			586
2021-11-07	517902	18964	673	4	4318	39	45617	1670	59	0.352	380	3.44			587
2021-11-08	518266	18967	364	3	4456	39	45649	1670	32	0.264	392	3.44			588
2021-11-09	518870	18970	604	3	5060	42	45702	1670	53	0.264	445	3.7			589
2021-11-10	519669	18976	799	6	4990	40	45773	1671	70	0.528	439	3.52			590
2021-11-11	521518	18998	1849	22	6145	56	45936	1673	162	1.938	541	4.93			591
2021-11-12	522530	19004	1012	6	5301	44	46025	1673	89	0.528	466	3.88			592
2021-11-13	522530	19004	0	0	5301	44	46025	1673	0	0.0	466	3.88			593
2021-11-14	523485	19017	955	13	5583	53	46109	1675	84	1.145	491	4.67			594
2021-11-15	524261	19022	776	5	5995	55	46177	1675	68	0.44	528	4.84			595
2021-11-16	525187	19030	926	8	6317	60	46259	1676	81	0.705	556	5.28			596
2021-11-17	526306	19043	1119	13	6637	67	46357	1677	98	1.145	584	5.9			597
2021-11-18	527380	19049	1074	6	5862	51	46452	1677	94	0.528	516	4.49			598
2021-11-19	527380	19049	0	0	4850	45	46452	1677	0	0.0	427	3.96			599
2021-11-20	528407	19051	1027	2	5877	47	46542	1678	90	0.176	517	4.14			600
2021-11-21	529075	19062	668	11	5590	45	46601	1679	58	0.969	492	3.96			601
2021-11-22	530369	19080	1294	18	6108	58	46715	1680	113	1.585	538	5.11			602
2021-11-23	531428	19096	1059	16	6241	66	46808	1682	93	1.409	549	5.81			603
2021-11-24	531428	19096	0	0	5122	53	46808	1682	0	0.0	451	4.67			604
2021-11-25	533756	19121	2328	25	6376	72	47013	1684	205	2.202	561	6.34			605
2021-11-26	535115	19137	1359	16	7735	88	47133	1685	119	1.409	681	7.75			606
2021-11-27	535115	19137	0	0	6708	86	47133	1685	0	0.0	590	7.57			607
2021-11-28	536472	19161	1357	24	7397	99	47253	1687	119	2.114	651	8.72			608
2021-11-29	536472	19161	0	0	6103	81	47253	1687	0	0.0	537	7.13			609
2021-11-30	537559	19171	1087	10	6131	75	47348	1688	95	0.881	540	6.61			610
2021-12-01	538647	19188	1088	17	7219	92	47444	1690	95	1.497	635	8.1			611
2021-12-02	539762	19196	1115	8	6006	75	47542	1690	98	0.705	529	6.61			612
2021-12-03	540869	19205	1107	9	5754	68	47640	1691	97	0.793	506	5.99			613
2021-12-04	542859	19215	1990	10	7744	78	47815	1692	175	0.881	682	6.87			614
2021-12-05	543390	19222	531	7	6918	61	47862	1693	46	0.617	609	5.37			615
2021-12-06	544666	19247	1276	25	8194	86	47974	1695	112	2.202	721	7.57			616
2021-12-07	546155	19264	1489	17	8596	93	48106	1696	131	1.497	757	8.19			617
2021-12-08	546155	19264	0	0	7508	76	48106	1696	0	0.0	661	6.69			618
2021-12-09	547892	19276	1737	12	8130	80	48259	1697	152	1.057	716	7.05			619
2021-12-10	549638	19281	1746	5	8769	76	48412	1698	153	0.44	772	6.69			620
2021-12-11	551516	19305	1878	24	8657	90	48578	1700	165	2.114	762	7.93			621
2021-12-12	553108	19317	1592	12	9718	95	48718	1701	140	1.057	855	8.37			622
2021-12-13	553108	19317	0	0	8442	70	48718	1701	0	0.0	743	6.17			623
2021-12-14	554999	19330	1891	13	8844	66	48885	1702	166	1.145	778	5.81			624
2021-12-15	556765	19355	1766	25	10610	91	49040	1704	155	2.202	934	8.02			625
2021-12-16	558565	19372	1800	17	10673	96	49199	1706	158	1.497	940	8.46			626
2021-12-17	560684	19391	2119	19	11046	110	49385	1707	186	1.674	972	9.69			627
2021-12-18	563858	19428	3174	37	12342	123	49665	1711	279	3.259	1087	10.83			628
2021-12-19	564747	19440	889	12	11639	123	49743	1712	78	1.057	1025	10.83			629
2021-12-20	564747	19440	0	0	11639	123	49743	1712	0	0.0	1025	10.83			630
2021-12-21	568967	19480	4220	40	13968	150	50115	1715	371	3.523	1230	13.21			631
2021-12-22	568967	19480	0	0	12202	125	50115	1715	0	0.0	1074	11.01			632
2021-12-23	570876	19496	1909	16	12311	124	50283	1717	168	1.409	1084	10.92			633
2021-12-24	575247	19530	4371	34	14563	139	50668	1720	385	2.995	1282	12.24			634
2021-12-25	575247	19530	0	0	11389	102	50668	1720	0	0.0	1003	8.98			635
2021-12-26	576602	19546	1355	16	11855	106	50787	1721	119	1.409	1044	9.34			636
2021-12-27	577808	19554	1206	8	13061	114	50894	1722	106	0.705	1150	10.04			637
2021-12-28	580690	19576	2882	22	11723	96	51147	1724	253	1.938	1032	8.46			638
2021-12-29	585624	19622	4934	46	16657	142	51582	1728	434	4.052	1467	12.51			639
2021-12-30	591773	19650	6149	28	20897	154	52124	1730	541	2.466	1840	13.56			640
2021-12-31	599753	19680	7980	30	24506	150	52827	1733	702	2.642	2158	13.21			641
2022-01-01	599753	19680	0	0	24506	150	52827	1733	0	0.0	2158	13.21			642
2022-01-02	611031	19722	11278	42	34429	176	53820	1737	993	3.699	3032	15.5			643
2022-01-03	622312	19763	11281	41	44504	209	54814	1740	993	3.611	3919	18.41			644
2022-01-04	622312	19763	0	0	41622	187	54814	1740	0	0.0	3666	16.47			645
2022-01-05	631554	19810	9242	47	45930	188	55628	1744	814	4.14	4045	16.56			646
2022-01-06	641817	19848	10263	38	50044	198	56532	1748	903	3.347	4407	17.44			647
2022-01-07	652819	19888	11002	40	53066	208	57501	1751	969	3.523	4674	18.32			648
2022-01-08	671832	19957	19013	69	72079	277	59175	1757	1674	6.078	6348	24.4			649
2022-01-09	677166	19983	5334	26	66135	261	59645	1760	469	2.29	5825	22.99			650
2022-01-10	686023	19999	8857	16	63711	236	60425	1761	780	1.409	5611	20.79			651
2022-01-11	697236	20056	11213	57	74924	293	61413	1766	987	5.021	6599	25.81			652
2022-01-12	711299	20103	14063	47	79745	293	62652	1770	1238	4.14	7024	25.81			653
2022-01-13	711299	20103	0	0	69482	255	62652	1770	0	0.0	6120	22.46			654
2022-01-14	725459	20149	14160	46	72640	261	63899	1774	1247	4.052	6398	22.99			655
2022-01-15	725459	20149	0	0	53627	192	63899	1774	0	0.0	4723	16.91			656
2022-01-16	749070	20238	23611	89	71904	255	65979	1782	2079	7.839	6333	22.46			657
2022-01-17	754335	20254	5265	16	68312	255	66442	1784	463	1.409	6017	22.46			658
2022-01-18	763392	20291	9057	37	66156	235	67240	1787	797	3.259	5827	20.7			659
2022-01-19	774227	20377	10835	86	62928	274	68194	1794	954	7.575	5542	24.13			660
2022-01-20	795087	20504	20860	127	83788	401	70032	1806	1837	11.186	7380	35.32			661
2022-01-21	804677	20570	9590	66	79218	421	70877	1811	844	5.813	6977	37.08			662
2022-01-22	804677	20570	0	0	79218	421	70877	1811	0	0.0	6977	37.08			663
2022-01-23	804677	20570	0	0	55607	332	70877	1811	0	0.0	4897	29.24			664
2022-01-24	820583	20671	15906	101	66248	417	72278	1820	1401	8.896	5835	36.73			665
2022-01-25	828232	20720	7649	49	64840	429	72951	1825	673	4.316	5711	37.79			666
2022-01-26	835170	20774	6938	54	60943	397	73562	1829	611	4.756	5367	34.97			667
2022-01-27	841757	20824	6587	50	46670	320	74143	1834	580	4.404	4110	28.19			668
2022-01-28	841757	20824	0	0	37080	254	74143	1834	0	0.0	3266	22.37			669
2022-01-29	847180	20865	5423	41	42503	295	74620	1837	477	3.611	3743	25.98			670
2022-01-30	852280	20919	5100	54	47603	349	75069	1842	449	4.756	4192	30.74			671
2022-01-31	855705	20951	3425	32	35122	280	75371	1845	301	2.819	3093	24.66			672
2022-02-01	859530	21011	3825	60	31298	291	75708	1850	336	5.285	2756	25.63			673
2022-02-02	863675	21045	4145	34	28505	271	76073	1853	365	2.995	2510	23.87			674
2022-02-03	867071	21073	3396	28	25314	249	76372	1856	299	2.466	2229	21.93			675
2022-02-04	867071	21073	0	0	25314	249	76372	1856	0	0.0	2229	21.93			676
2022-02-05	871749	21129	4678	56	24569	264	76784	1861	412	4.933	2164	23.25			677
2022-02-06	871749	21129	0	0	19469	210	76784	1861	0	0.0	1714	18.5			678
2022-02-07	874906	21171	3157	42	19201	220	77062	1864	278	3.699	1691	19.38			679
2022-02-08	874906	21171	0	0	15376	160	77062	1864	0	0.0	1354	14.09			680
2022-02-09	878922	21219	4016	48	15247	174	77416	1868	353	4.228	1342	15.33			681
2022-02-10	878922	21219	0	0	11851	146	77416	1868	0	0.0	1043	12.86			682
2022-02-11	880891	21240	1969	21	13820	167	77590	1870	173	1.85	1217	14.71			683
2022-02-12	882649	21261	1758	21	10900	132	77744	1872	154	1.85	960	11.63			684
2022-02-13	883382	21284	733	23	11633	155	77809	1874	64	2.026	1024	13.65			685
2022-02-14	885004	21314	1622	30	10098	143	77952	1877	142	2.642	889	12.6			686
2022-02-15	886108	21331	1104	17	11202	160	78049	1878	97	1.497	986	14.09			687
2022-02-16	887089	21342	981	11	8167	123	78135	1879	86	0.969	719	10.83			688
2022-02-17	887089	21342	0	0	8167	123	78135	1879	0	0.0	719	10.83			689
2022-02-18	888175	21358	1086	16	7284	118	78231	1881	95	1.409	641	10.39			690
2022-02-19	889044	21367	869	9	6395	106	78308	1882	76	0.793	563	9.34			691
2022-02-20	889511	21372	467	5	6129	88	78349	1882	41	0.44	539	7.75			692
2022-02-21	890420	21386	909	14	5416	72	78429	1883	80	1.233	477	6.34			693
2022-02-22	891112	21400	692	14	5004	69	78490	1884	60	1.233	440	6.08			694
2022-02-23	891851	21406	739	6	4762	64	78555	1885	65	0.528	419	5.64			695
2022-02-24	891851	21406	0	0	4762	64	78555	1885	0	0.0	419	5.64			696
2022-02-25	892537	21414	686	8	4362	56	78615	1886	60	0.705	384	4.93			697
2022-02-26	893048	21419	511	5	4004	52	78660	1886	45	0.44	352	4.58			698
2022-02-27	893223	21426	175	7	3712	54	78676	1887	15	0.617	326	4.76			699
2022-02-28	893395	21438	172	12	2975	52	78691	1888	15	1.057	262	4.58			700
2022-03-01	893512	21441	117	3	2400	41	78701	1888	10	0.264	211	3.61			701
2022-03-02	893775	21443	263	2	1924	37	78724	1888	23	0.176	169	3.26			702
2022-03-03	894200	21453	425	10	2349	47	78762	1889	37	0.881	206	4.14			703
2022-03-04	894200	21453	0	0	1663	39	78762	1889	0	0.0	146	3.44			704
2022-03-05	894551	21455	351	2	1503	36	78793	1889	30	0.176	132	3.17			705
2022-03-06	895098	21463	547	8	1875	37	78841	1890	48	0.705	165	3.26			706
2022-03-07	895098	21463	0	0	1703	25	78841	1890	0	0.0	150	2.2			707
2022-03-08	895424	21469	326	6	1912	28	78870	1891	28	0.528	168	2.47			708
2022-03-09	896315	21470	891	1	2540	27	78948	1891	78	0.088	223	2.38			709
2022-03-10	896744	21472	429	2	2544	19	78986	1891	37	0.176	224	1.67			710
2022-03-11	897098	21473	354	1	2898	20	79017	1891	31	0.088	255	1.76			711
2022-03-12	897351	21473	253	0	2800	18	79039	1891	22	0.0	246	1.59			712
2022-03-13	897489	21473	138	0	2391	10	79052	1891	12	0.0	210	0.88			713
2022-03-14	897489	21473	0	0	2391	10	79052	1891	0	0.0	210	0.88			714
2022-03-15	897970	21475	481	2	2546	6	79094	1891	42	0.176	224	0.53			715
2022-03-16	898464	21476	494	1	2149	6	79137	1891	43	0.088	189	0.53			716
2022-03-17	898941	21477	477	1	2197	5	79179	1891	42	0.088	193	0.44			717
2022-03-18	899524	21482	583	5	2426	9	79231	1892	51	0.44	213	0.79			718
2022-03-19	899524	21482	0	0	2173	9	79231	1892	0	0.0	191	0.79			719
2022-03-20	899697	21482	173	0	2208	9	79246	1892	15	0.0	194	0.79			720
2022-03-21	899999	21483	302	1	2510	10	79273	1892	26	0.088	221	0.88			721
2022-03-22	899999	21483	0	0	2029	8	79273	1892	0	0.0	178	0.7			722
2022-03-23	900260	21483	261	0	1796	7	79296	1892	22	0.0	158	0.62			723
2022-03-24	900557	21484	297	1	1616	7	79322	1892	26	0.088	142	0.62			724
2022-03-25	900845	21487	288	3	1321	5	79347	1892	25	0.264	116	0.44			725
2022-03-26	901108	21487	263	0	1584	5	79370	1892	23	0.0	139	0.44			726
2022-03-27	901367	21487	259	0	1670	5	79393	1892	22	0.0	147	0.44			727
2022-03-28	901587	21489	220	2	1588	6	79412	1892	19	0.176	139	0.53			728
2022-03-29	901752	21894	165	405	1753	411	79427	1928	14	35.673	154	36.2			729
2022-03-30	901943	21894	191	0	1683	411	79444	1928	16	0.0	148	36.2			730
2022-03-31	901943	21894	0	0	1386	410	79444	1928	0	0.0	122	36.11			731
2022-04-01	902316	21895	373	1	1471	408	79477	1928	32	0.088	129	35.94			732
2022-04-02	902448	21896	132	1	1340	409	79488	1928	11	0.088	118	36.03			733
2022-04-03	902497	21896	49	0	1130	409	79493	1928	4	0.0	99	36.03			734
2022-04-04	902497	21896	0	0	910	407	79493	1928	0	0.0	80	35.85			735
2022-04-05	902749	21897	252	1	997	3	79515	1928	22	0.088	87	0.26			736
2022-04-06	902749	21897	0	0	806	3	79515	1928	0	0.0	70	0.26			737
2022-04-07	903062	21899	313	2	1119	5	79542	1928	27	0.176	98	0.44			738
2022-04-08	903062	21899	0	0	746	4	79542	1928	0	0.0	65	0.35			739
2022-04-09	903306	21899	244	0	858	3	79564	1928	21	0.0	75	0.26			740
2022-04-10	903306	21899	0	0	809	3	79564	1928	0	0.0	71	0.26			741
2022-04-11	903477	21899	171	0	980	3	79579	1928	15	0.0	86	0.26			742
2022-04-12	903584	21899	107	0	835	2	79588	1928	9	0.0	73	0.18			743
2022-04-13	903677	21901	93	2	928	4	79597	1929	8	0.176	81	0.35			744
2022-04-14	903776	21901	99	0	714	2	79605	1929	8	0.0	62	0.18			745
2022-04-15	903776	21901	0	0	714	2	79605	1929	0	0.0	62	0.18			746
2022-04-16	903888	21903	112	2	582	4	79615	1929	9	0.176	51	0.35			747
2022-04-17	903908	21903	20	0	602	4	79617	1929	1	0.0	53	0.35			748
2022-04-18	903908	21903	0	0	431	4	79617	1929	0	0.0	37	0.35			749
2022-04-19	904029	21904	121	1	445	5	79628	1929	10	0.088	39	0.44			750
2022-04-20	904126	21905	97	1	449	4	79636	1929	8	0.088	39	0.35			751
2022-04-21	904212	21906	86	1	436	5	79644	1929	7	0.088	38	0.44			752
2022-04-22	904294	21907	82	1	518	6	79651	1929	7	0.088	45	0.53			753
2022-04-23	904294	21907	0	0	406	4	79651	1929	0	0.0	35	0.35			754
2022-04-24	904446	21908	152	1	538	5	79664	1929	13	0.088	47	0.44			755
2022-04-25	904479	21908	33	0	571	5	79667	1929	2	0.0	50	0.44			756
2022-04-26	904657	21909	178	1	628	5	79683	1929	15	0.088	55	0.44			757
2022-04-27	904758	21910	101	1	632	5	79692	1929	8	0.088	55	0.44			758
2022-04-28	904758	21910	0	0	546	4	79692	1929	0	0.0	48	0.35			759
2022-04-29	904883	21910	125	0	589	3	79703	1929	11	0.0	51	0.26			760
2022-04-30	904974	21910	91	0	680	3	79711	1929	8	0.0	59	0.26			761
2022-05-01	905074	21923	100	13	628	15	79720	1931	8	1.145	55	1.32			762
2022-05-02	905074	21923	0	0	595	15	79720	1931	0	0.0	52	1.32			763
2022-05-03	905097	21923	23	0	440	14	79722	1931	2	0.0	38	1.23			764
2022-05-04	905150	21923	53	0	392	13	79726	1931	4	0.0	34	1.15			765
2022-05-05	905212	21924	62	1	454	14	79732	1931	5	0.088	39	1.23			766
2022-05-06	905355	21925	143	1	472	15	79744	1931	12	0.088	41	1.32			767
2022-05-07	905428	21925	73	0	454	15	79751	1931	6	0.0	39	1.32			768
2022-05-08	905453	21925	25	0	379	2	79753	1931	2	0.0	33	0.18			769
2022-05-09	905453	21925	0	0	379	2	79753	1931	0	0.0	33	0.18			770
2022-05-10	905530	21925	77	0	433	2	79760	1931	6	0.0	38	0.18			771
2022-05-11	905820	21926	290	1	670	3	79785	1931	25	0.088	59	0.26			772
2022-05-12	905820	21926	0	0	608	2	79785	1931	0	0.0	53	0.18			773
2022-05-13	905994	21926	174	0	639	1	79801	1931	15	0.0	56	0.09			774
2022-05-14	906146	21943	152	17	718	18	79814	1932	13	1.497	63	1.59			775
2022-05-15	906146	21943	0	0	693	18	79814	1932	0	0.0	61	1.59			776
2022-05-16	906333	21943	187	0	880	18	79831	1932	16	0.0	77	1.59			777
2022-05-17	906462	21943	129	0	932	18	79842	1932	11	0.0	82	1.59			778
2022-05-18	906462	21943	0	0	642	17	79842	1932	0	0.0	56	1.5			779
2022-05-19	906743	21943	281	0	923	17	79867	1932	24	0.0	81	1.5			780
2022-05-20	907013	21943	270	0	1019	17	79890	1932	23	0.0	89	1.5			781
2022-05-21	907224	21944	211	1	1078	1	79909	1932	18	0.088	94	0.09			782
2022-05-22	907224	21944	0	0	1078	1	79909	1932	0	0.0	94	0.09			783
2022-05-23	907307	21945	83	1	974	2	79916	1932	7	0.088	85	0.18			784
2022-05-24	907767	21945	460	0	1305	2	79957	1932	40	0.0	114	0.18			785
2022-05-25	907767	21945	0	0	1305	2	79957	1932	0	0.0	114	0.18			786
2022-05-26	907958	21946	191	1	1215	3	79974	1933	16	0.088	107	0.26			787
2022-05-27	908383	21947	425	1	1370	4	80011	1933	37	0.088	120	0.35			788
2022-05-28	908525	21947	142	0	1301	3	80024	1933	12	0.0	114	0.26			789
2022-05-29	908659	21947	134	0	1435	3	80035	1933	11	0.0	126	0.26			790
2022-05-30	908862	21948	203	1	1555	3	80053	1933	17	0.088	136	0.26			791
2022-05-31	908862	21948	0	0	1095	3	80053	1933	0	0.0	96	0.26			792
2022-06-01	909372	21948	510	0	1605	3	80098	1933	44	0.0	141	0.26			793
2022-06-02	909372	21948	0	0	1414	2	80098	1933	0	0.0	124	0.18			794
2022-06-03	909919	21948	547	0	1536	1	80146	1933	48	0.0	135	0.09			795
2022-06-04	909919	21948	0	0	1394	1	80146	1933	0	0.0	122	0.09			796
2022-06-05	910134	21949	215	1	1475	2	80165	1933	18	0.088	129	0.18			797
2022-06-06	910516	21949	382	0	1654	1	80199	1933	33	0.0	145	0.09			798
2022-06-07	910832	21949	316	0	1970	1	80227	1933	27	0.0	173	0.09			799
2022-06-08	911188	21950	356	1	1816	2	80258	1933	31	0.088	159	0.18			800
2022-06-09	911635	21950	447	0	2263	2	80298	1933	39	0.0	199	0.18			801
2022-06-10	911635	21950	0	0	1716	2	80298	1933	0	0.0	151	0.18			802
2022-06-11	912272	21951	637	1	2353	3	80354	1933	56	0.088	207	0.26			803
2022-06-12	912473	21951	201	0	2339	2	80371	1933	17	0.0	206	0.18			804
2022-06-13	912869	21951	396	0	2353	2	80406	1933	34	0.0	207	0.18			805
2022-06-14	913362	21951	493	0	2530	2	80450	1933	43	0.0	222	0.18			806
2022-06-15	913874	21951	512	0	2686	1	80495	1933	45	0.0	236	0.09			807
2022-06-16	914252	21951	378	0	2617	1	80528	1933	33	0.0	230	0.09			808
2022-06-17	914827	21951	575	0	3192	1	80579	1933	50	0.0	281	0.09			809
2022-06-18	914827	21951	0	0	2555	0	80579	1933	0	0.0	225	0.0			810
2022-06-19	915500	21951	673	0	3027	0	80638	1933	59	0.0	266	0.0			811
2022-06-20	916092	21952	592	1	3223	1	80690	1933	52	0.088	283	0.09			812
2022-06-21	916092	21952	0	0	2730	1	80690	1933	0	0.0	240	0.09			813
2022-06-22	917537	21952	1445	0	3663	1	80817	1933	127	0.0	322	0.09			814
2022-06-23	918551	21952	1014	0	4299	1	80907	1933	89	0.0	378	0.09			815
2022-06-24	919737	21952	1186	0	4910	1	81011	1933	104	0.0	432	0.09			816
2022-06-25	920595	21953	858	1	5768	2	81087	1933	75	0.088	508	0.18			817
2022-06-26	921104	21953	509	0	5604	2	81132	1933	44	0.0	493	0.18			818
2022-06-27	921104	21953	0	0	5012	1	81132	1933	0	0.0	441	0.09			819
2022-06-28	922121	21953	1017	0	6029	1	81221	1933	89	0.0	531	0.09			820
2022-06-29	925096	21953	2975	0	7559	1	81483	1933	262	0.0	665	0.09			821
2022-06-30	926718	21953	1622	0	8167	1	81626	1933	142	0.0	719	0.09			822
2022-07-01	928450	21955	1732	2	8713	3	81779	1933	152	0.176	767	0.26			823
2022-07-02	928450	21955	0	0	7855	2	81779	1933	0	0.0	691	0.18			824
2022-07-03	929544	21957	1094	2	8440	4	81875	1934	96	0.176	743	0.35			825
2022-07-04	931955	21958	2411	1	10851	5	82087	1934	212	0.088	955	0.44			826
2022-07-05	931955	21958	0	0	9834	5	82087	1934	0	0.0	866	0.44			827
2022-07-06	936702	21963	4747	5	11606	10	82505	1934	418	0.44	1022	0.88			828
2022-07-07	939612	21963	2910	0	12894	10	82762	1934	256	0.0	1135	0.88			829
2022-07-08	939612	21963	0	0	11162	8	82762	1934	0	0.0	983	0.7			830
2022-07-09	942307	21964	2695	1	13857	9	82999	1934	237	0.088	1220	0.79			831
2022-07-10	944286	21969	1979	5	14742	12	83173	1935	174	0.44	1298	1.06			832
2022-07-11	948655	21970	4369	1	16700	12	83558	1935	384	0.088	1470	1.06			833
2022-07-12	948655	21970	0	0	16700	12	83558	1935	0	0.0	1470	1.06			834
2022-07-13	956629	21977	7974	7	19927	14	84261	1935	702	0.617	1755	1.23			835
2022-07-14	960779	21979	4150	2	21167	16	84626	1935	365	0.176	1864	1.41			836
2022-07-15	960779	21979	0	0	21167	16	84626	1935	0	0.0	1864	1.41			837
2022-07-16	968212	21979	7433	0	25905	15	85281	1935	654	0.0	2281	1.32			838
2022-07-17	969652	21982	1440	3	25366	13	85408	1936	126	0.264	2234	1.15			839
2022-07-18	969652	21982	0	0	20997	12	85408	1936	0	0.0	1849	1.06			840
2022-07-19	974005	21989	4353	7	25350	19	85791	1936	383	0.617	2232	1.67			841
2022-07-20	985630	21999	11625	10	29001	22	86815	1937	1023	0.881	2554	1.94			842
2022-07-21	991680	22007	6050	8	30901	28	87348	1938	532	0.705	2721	2.47			843
2022-07-22	997615	22013	5935	6	36836	34	87871	1938	522	0.528	3244	2.99			844
2022-07-23	1001213	22017	3598	4	33001	38	88188	1939	316	0.352	2906	3.35			845
2022-07-24	1003400	22021	2187	4	33748	39	88380	1939	192	0.352	2972	3.44			846
2022-07-25	1007919	22025	4519	4	38267	43	88778	1939	398	0.352	3370	3.79			847
2022-07-26	1014252	22032	6333	7	40247	43	89336	1940	557	0.617	3545	3.79			848
2022-07-27	1020678	22036	6426	4	35048	37	89902	1940	566	0.352	3087	3.26			849
2022-07-28	1026692	22045	6014	9	35012	38	90432	1941	529	0.793	3083	3.35			850
2022-07-29	1032023	22053	5331	8	34408	40	90901	1942	469	0.705	3030	3.52			851
2022-07-30	1035593	22056	3570	3	34380	39	91216	1942	314	0.264	3028	3.44			852
2022-07-31	1037500	22061	1907	5	34100	40	91384	1943	167	0.44	3003	3.52			853
2022-08-01	1037500	22061	0	0	29581	36	91384	1943	0	0.0	2605	3.17			854
2022-08-02	1047198	22072	9698	11	32946	40	92238	1944	854	0.969	2901	3.52			855
2022-08-03	1047198	22072	0	0	26520	36	92238	1944	0	0.0	2335	3.17			856
2022-08-04	1056378	22083	9180	11	29686	38	93047	1945	808	0.969	2614	3.35			857
2022-08-05	1060484	22089	4106	6	28461	36	93408	1945	361	0.528	2506	3.17			858
2022-08-06	1062772	22091	2288	2	27179	35	93610	1945	201	0.176	2393	3.08			859
2022-08-07	1064405	22095	1633	4	26905	34	93754	1946	143	0.352	2369	2.99			860
2022-08-08	1067338	22102	2933	7	29838	41	94012	1946	258	0.617	2628	3.61			861
2022-08-09	1070521	22110	3183	8	23323	38	94292	1947	280	0.705	2054	3.35			862
2022-08-10	1073593	22113	3072	3	26395	41	94563	1947	270	0.264	2324	3.61			863
2022-08-11	1076815	22120	3222	7	20437	37	94847	1948	283	0.617	1800	3.26			864
2022-08-12	1076815	22120	0	0	16331	31	94847	1948	0	0.0	1438	2.73			865
2022-08-13	1079371	22126	2556	6	16599	35	95072	1948	225	0.528	1462	3.08			866
2022-08-14	1081206	22129	1835	3	16801	34	95234	1949	161	0.264	1479	2.99			867
2022-08-15	1084013	22144	2807	15	16675	42	95481	1950	247	1.321	1468	3.7			868
2022-08-16	1086347	22150	2334	6	15826	40	95686	1951	205	0.528	1393	3.52			869
2022-08-17	1088291	22155	1944	5	14698	42	95858	1951	171	0.44	1294	3.7			870
2022-08-18	1088291	22155	0	0	11476	35	95858	1951	0	0.0	1010	3.08			871
2022-08-19	1089997	22164	1706	9	13182	44	96008	1952	150	0.793	1161	3.88			872
2022-08-20	1092520	22168	2523	4	13149	42	96230	1952	222	0.352	1158	3.7			873
2022-08-21	1093218	22171	698	3	12012	42	96292	1952	61	0.264	1058	3.7			874
2022-08-22	1094285	22175	1067	4	10272	31	96386	1953	93	0.352	904	2.73			875
2022-08-23	1095623	22177	1338	2	9276	27	96503	1953	117	0.176	817	2.38			876
2022-08-24	1095623	22177	0	0	7332	22	96503	1953	0	0.0	645	1.94			877
2022-08-25	1096844	22183	1221	6	8553	28	96611	1953	107	0.528	753	2.47			878
2022-08-26	1098027	22186	1183	3	8030	22	96715	1954	104	0.264	707	1.94			879
2022-08-27	1099718	22194	1691	8	7198	26	96864	1954	148	0.705	634	2.29			880
2022-08-28	1100112	22195	394	1	6894	24	96899	1954	34	0.088	607	2.11			881
2022-08-29	1100112	22195	0	0	5827	20	96899	1954	0	0.0	513	1.76			882
2022-08-30	1101652	22198	1540	3	6029	21	97034	1955	135	0.264	531	1.85			883
2022-08-31	1101652	22198	0	0	6029	21	97034	1955	0	0.0	531	1.85			884
2022-09-01	1103008	22201	1356	3	6164	18	97154	1955	119	0.264	542	1.59			885
2022-09-02	1103556	22205	548	4	5529	19	97202	1955	48	0.352	487	1.67			886
2022-09-03	1103889	22208	333	3	4171	14	97232	1956	29	0.264	367	1.23			887
2022-09-04	1104102	22209	213	1	3990	14	97250	1956	18	0.088	351	1.23			888
2022-09-05	1104102	22209	0	0	3990	14	97250	1956	0	0.0	351	1.23			889
2022-09-06	1104421	22209	319	0	2769	11	97278	1956	28	0.0	243	0.97			890
2022-09-07	1105236	22212	815	3	3584	14	97350	1956	71	0.264	315	1.23			891
2022-09-08	1105236	22212	0	0	2228	11	97350	1956	0	0.0	196	0.97			892
2022-09-09	1105543	22214	307	2	1987	9	97377	1956	27	0.176	175	0.79			893
2022-09-10	1105812	22216	269	2	1923	8	97401	1956	23	0.176	169	0.7			894
2022-09-11	1106142	22217	330	1	2040	8	97430	1956	29	0.088	179	0.7			895
2022-09-12	1106142	22217	0	0	2040	8	97430	1956	0	0.0	179	0.7			896
2022-09-13	1106319	22218	177	1	1898	9	97446	1956	15	0.088	167	0.79			897
2022-09-14	1106538	22218	219	0	1302	6	97465	1956	19	0.0	114	0.53			898
2022-09-15	1106900	22226	362	8	1664	14	97497	1957	31	0.705	146	1.23			899
2022-09-16	1106900	22226	0	0	1357	12	97497	1957	0	0.0	119	1.06			900
2022-09-17	1107049	22227	149	1	1237	11	97510	1957	13	0.088	108	0.97			901
2022-09-18	1107139	22228	90	1	997	11	97518	1957	7	0.088	87	0.97			902
2022-09-19	1107201	22228	62	0	1059	11	97523	1957	5	0.0	93	0.97			903
2022-09-20	1107456	22229	255	1	1137	11	97546	1957	22	0.088	100	0.97			904
2022-09-21	1107456	22229	0	0	918	11	97546	1957	0	0.0	80	0.97			905
2022-09-22	1107689	22229	233	0	789	3	97566	1957	20	0.0	69	0.26			906
2022-09-23	1107689	22229	0	0	789	3	97566	1957	0	0.0	69	0.26			907
2022-09-24	1107782	22232	93	3	733	5	97574	1958	8	0.264	64	0.44			908
2022-09-25	1107908	22232	126	0	769	4	97586	1958	11	0.0	67	0.35			909
2022-09-26	1107963	22233	55	1	762	5	97590	1958	4	0.088	67	0.44			910
2022-09-27	1107963	22233	0	0	507	4	97590	1958	0	0.0	44	0.35			911
2022-09-28	1108055	22233	92	0	599	4	97598	1958	8	0.0	52	0.35			912
2022-09-29	1108195	22234	140	1	506	5	97611	1958	12	0.088	44	0.44			913
2022-09-30	1108262	22237	67	3	573	8	97617	1958	5	0.264	50	0.7			914
2022-10-01	1108316	22237	54	0	534	5	97621	1958	4	0.0	47	0.44			915
2022-10-02	1108347	22237	31	0	439	5	97624	1958	2	0.0	38	0.44			916
2022-10-03	1108415	22237	68	0	452	4	97630	1958	5	0.0	39	0.35			917
2022-10-04	1108472	22237	57	0	509	4	97635	1958	5	0.0	44	0.35			918
2022-10-05	1108472	22237	0	0	417	4	97635	1958	0	0.0	36	0.35			919
2022-10-06	1108595	22237	123	0	400	3	97646	1958	10	0.0	35	0.26			920
2022-10-07	1108595	22237	0	0	333	0	97646	1958	0	0.0	29	0.0			921
2022-10-08	1108648	22237	53	0	332	0	97651	1958	4	0.0	29	0.0			922
2022-10-09	1108702	22237	54	0	355	0	97655	1958	4	0.0	31	0.0			923
2022-10-10	1108702	22237	0	0	287	0	97655	1958	0	0.0	25	0.0			924
2022-10-11	1108768	22237	66	0	296	0	97661	1958	5	0.0	26	0.0			925
2022-10-12	1108818	22237	50	0	346	0	97666	1958	4	0.0	30	0.0			926
2022-10-13	1108865	22237	47	0	270	0	97670	1958	4	0.0	23	0.0			927
2022-10-14	1108903	22237	38	0	308	0	97673	1958	3	0.0	27	0.0			928
2022-10-15	1108948	22237	45	0	300	0	97677	1958	3	0.0	26	0.0			929
2022-10-16	1108948	22237	0	0	246	0	97677	1958	0	0.0	21	0.0			930
2022-10-17	1109037	22237	89	0	335	0	97685	1958	7	0.0	29	0.0			931
2022-10-18	1109037	22237	0	0	269	0	97685	1958	0	0.0	23	0.0			932
2022-10-19	1109123	22237	86	0	305	0	97693	1958	7	0.0	26	0.0			933
2022-10-20	1109171	22237	48	0	306	0	97697	1958	4	0.0	26	0.0			934
2022-10-21	1109171	22237	0	0	268	0	97697	1958	0	0.0	23	0.0			935
2022-10-22	1109171	22237	0	0	223	0	97697	1958	0	0.0	19	0.0			936
2022-10-23	1109238	22239	67	2	290	2	97703	1958	5	0.176	25	0.18			937
2022-10-24	1109238	22239	0	0	201	2	97703	1958	0	0.0	17	0.18			938
2022-10-25	1109277	22239	39	0	240	2	97706	1958	3	0.0	21	0.18			939
2022-10-26	1109309	22239	32	0	186	2	97709	1958	2	0.0	16	0.18			940
2022-10-27	1109309	22239	0	0	138	2	97709	1958	0	0.0	12	0.18			941
2022-10-28	1109385	22239	76	0	214	2	97716	1958	6	0.0	18	0.18			942
2022-10-29	1109385	22239	0	0	214	2	97716	1958	0	0.0	18	0.18			943
2022-10-30	1109447	22239	62	0	209	0	97721	1958	5	0.0	18	0.0			944
2022-10-31	1109447	22239	0	0	209	0	97721	1958	0	0.0	18	0.0			945
2022-11-01	1109491	22239	44	0	214	0	97725	1958	3	0.0	18	0.0			946
2022-11-02	1109491	22239	0	0	182	0	97725	1958	0	0.0	16	0.0			947
2022-11-03	1109512	22239	21	0	203	0	97727	1958	1	0.0	17	0.0			948
2022-11-04	1109529	22239	17	0	144	0	97728	1958	1	0.0	12	0.0			949
2022-11-05	1109581	22240	52	1	196	1	97733	1958	4	0.088	17	0.09			950
2022-11-06	1109601	22240	20	0	154	1	97735	1958	1	0.0	13	0.09			951
2022-11-07	1109652	22240	51	0	205	1	97739	1958	4	0.0	18	0.09			952
2022-11-08	1109652	22240	0	0	161	1	97739	1958	0	0.0	14	0.09			953
2022-11-09	1109730	22241	78	1	239	2	97746	1959	6	0.088	21	0.18			954
2022-11-10	1109730	22241	0	0	218	2	97746	1959	0	0.0	19	0.18			955
2022-11-11	1109763	22243	33	2	234	4	97749	1959	2	0.176	20	0.35			956
2022-11-12	1109822	22243	59	0	241	3	97754	1959	5	0.0	21	0.26			957
2022-11-13	1109822	22243	0	0	221	3	97754	1959	0	0.0	19	0.26			958
2022-11-14	1109838	22243	16	0	186	3	97756	1959	1	0.0	16	0.26			959
2022-11-15	1109889	22244	51	1	237	4	97760	1959	4	0.088	20	0.35			960
2022-11-16	1110014	22244	125	0	284	3	97771	1959	11	0.0	25	0.26			961
2022-11-17	1110014	22244	0	0	284	3	97771	1959	0	0.0	25	0.26			962
2022-11-18	1110064	22244	50	0	301	1	97775	1959	4	0.0	26	0.09			963
2022-11-19	1110064	22244	0	0	242	1	97775	1959	0	0.0	21	0.09			964
2022-11-20	1110190	22244	126	0	368	1	97787	1959	11	0.0	32	0.09			965
2022-11-21	1110190	22244	0	0	352	1	97787	1959	0	0.0	31	0.09			966
2022-11-22	1110256	22244	66	0	367	0	97792	1959	5	0.0	32	0.0			967
2022-11-23	1110413	22244	157	0	399	0	97806	1959	13	0.0	35	0.0			968
2022-11-24	1110413	22244	0	0	399	0	97806	1959	0	0.0	35	0.0			969
2022-11-25	1110505	22244	92	0	441	0	97814	1959	8	0.0	38	0.0			970
2022-11-26	1110608	22245	103	1	544	1	97823	1959	9	0.088	47	0.09			971
2022-11-27	1110701	22246	93	1	511	2	97832	1959	8	0.088	45	0.18			972
2022-11-28	1110766	22246	65	0	576	2	97837	1959	5	0.0	50	0.18			973
2022-11-29	1111086	22247	320	1	830	3	97865	1959	28	0.088	73	0.26			974
2022-11-30	1111086	22247	0	0	673	3	97865	1959	0	0.0	59	0.26			975
